2048,2048,2048,2048,2048,2048,2048,2048,2048,2048,2048,2048,2048,2048,2048,2048,2048,2048,2048,2048,2048,2048,2048,2048,2048,2048,2048,2048,2048,2048,2048,2048,
2048,1972,2048,1972,2048,1972,2048,1972,2048,1972,2048,1972,2048,1972,2048,1972,2048,1972,2048,1972,2048,1972,2048,1972,2048,1972,2048,1972,2048,1972,2048,1972,
1829,1719,1829,1719,1829,1719,1829,1719,1829,1719,1829,1719,1829,1719,1829,1719,1829,1719,1829,1719,1829,1719,1829,1719,1829,1719,1829,1719,1829,1719,1829,1719,
1630,1557,1630,1557,1630,1557,1630,1557,1630,1557,1630,1557,1630,1557,1630,1557,1630,1557,1630,1557,1630,1557,1630,1557,1630,1557,1630,1557,1630,1557,1630,1557,
1494,1439,1494,1439,1494,1439,1494,1439,1494,1439,1494,1439,1494,1439,1494,1439,1494,1439,1494,1439,1494,1439,1494,1439,1494,1439,1494,1439,1494,1439,1494,1439,
1390,1346,1390,1346,1390,1346,1390,1346,1390,1346,1390,1346,1390,1346,1390,1346,1390,1346,1390,1346,1390,1346,1390,1346,1390,1346,1390,1346,1390,1346,1390,1346,
1307,1271,1307,1271,1307,1271,1307,1271,1307,1271,1307,1271,1307,1271,1307,1271,1307,1271,1307,1271,1307,1271,1307,1271,1307,1271,1307,1271,1307,1271,1307,1271,
1238,1207,1238,1207,1238,1207,1238,1207,1238,1207,1238,1207,1238,1207,1238,1207,1238,1207,1238,1207,1238,1207,1238,1207,1238,1207,1238,1207,1238,1207,1238,1207,
1179,1153,1179,1153,1179,1153,1179,1153,1179,1153,1179,1153,1179,1153,1179,1153,1179,1153,1179,1153,1179,1153,1179,1153,1179,1153,1179,1153,1179,1153,1179,1153,
1128,1105,1128,1105,1128,1105,1128,1105,1128,1105,1128,1105,1128,1105,1128,1105,1128,1105,1128,1105,1128,1105,1128,1105,1128,1105,1128,1105,1128,1105,1128,1105,
1083,1063,1083,1063,1083,1063,1083,1063,1083,1063,1083,1063,1083,1063,1083,1063,1083,1063,1083,1063,1083,1063,1083,1063,1083,1063,1083,1063,1083,1063,1083,1063,
1043,1025,1043,1025,1043,1025,1043,1025,1043,1025,1043,1025,1043,1025,1043,1025,1043,1025,1043,1025,1043,1025,1043,1025,1043,1025,1043,1025,1043,1025,1043,1025,
1007, 990,1007, 990,1007, 990,1007, 990,1007, 990,1007, 990,1007, 990,1007, 990,1007, 990,1007, 990,1007, 990,1007, 990,1007, 990,1007, 990,1007, 990,1007, 990,
 974, 959, 974, 959, 974, 959, 974, 959, 974, 959, 974, 959, 974, 959, 974, 959, 974, 959, 974, 959, 974, 959, 974, 959, 974, 959, 974, 959, 974, 959, 974, 959,
 944, 930, 944, 930, 944, 930, 944, 930, 944, 930, 944, 930, 944, 930, 944, 930, 944, 930, 944, 930, 944, 930, 944, 930, 944, 930, 944, 930, 944, 930, 944, 930,
 917, 904, 917, 904, 917, 904, 917, 904, 917, 904, 917, 904, 917, 904, 917, 904, 917, 904, 917, 904, 917, 904, 917, 904, 917, 904, 917, 904, 917, 904, 917, 904,
 891, 879, 891, 879, 891, 879, 891, 879, 891, 879, 891, 879, 891, 879, 891, 879, 891, 879, 891, 879, 891, 879, 891, 879, 891, 879, 891, 879, 891, 879, 891, 879,
 868, 856, 868, 856, 868, 856, 868, 856, 868, 856, 868, 856, 868, 856, 868, 856, 868, 856, 868, 856, 868, 856, 868, 856, 868, 856, 868, 856, 868, 856, 868, 856,
 846, 835, 846, 835, 846, 835, 846, 835, 846, 835, 846, 835, 846, 835, 846, 835, 846, 835, 846, 835, 846, 835, 846, 835, 846, 835, 846, 835, 846, 835, 846, 835,
 825, 815, 825, 815, 825, 815, 825, 815, 825, 815, 825, 815, 825, 815, 825, 815, 825, 815, 825, 815, 825, 815, 825, 815, 825, 815, 825, 815, 825, 815, 825, 815,
 806, 796, 806, 796, 806, 796, 806, 796, 806, 796, 806, 796, 806, 796, 806, 796, 806, 796, 806, 796, 806, 796, 806, 796, 806, 796, 806, 796, 806, 796, 806, 796,
 787, 779, 787, 779, 787, 779, 787, 779, 787, 779, 787, 779, 787, 779, 787, 779, 787, 779, 787, 779, 787, 779, 787, 779, 787, 779, 787, 779, 787, 779, 787, 779,
 770, 762, 770, 762, 770, 762, 770, 762, 770, 762, 770, 762, 770, 762, 770, 762, 770, 762, 770, 762, 770, 762, 770, 762, 770, 762, 770, 762, 770, 762, 770, 762,
 754, 746, 754, 746, 754, 746, 754, 746, 754, 746, 754, 746, 754, 746, 754, 746, 754, 746, 754, 746, 754, 746, 754, 746, 754, 746, 754, 746, 754, 746, 754, 746,
 738, 731, 738, 731, 738, 731, 738, 731, 738, 731, 738, 731, 738, 731, 738, 731, 738, 731, 738, 731, 738, 731, 738, 731, 738, 731, 738, 731, 738, 731, 738, 731,
 723, 716, 723, 716, 723, 716, 723, 716, 723, 716, 723, 716, 723, 716, 723, 716, 723, 716, 723, 716, 723, 716, 723, 716, 723, 716, 723, 716, 723, 716, 723, 716,
 709, 703, 709, 703, 709, 703, 709, 703, 709, 703, 709, 703, 709, 703, 709, 703, 709, 703, 709, 703, 709, 703, 709, 703, 709, 703, 709, 703, 709, 703, 709, 703,
 696, 690, 696, 690, 696, 690, 696, 690, 696, 690, 696, 690, 696, 690, 696, 690, 696, 690, 696, 690, 696, 690, 696, 690, 696, 690, 696, 690, 696, 690, 696, 690,
 683, 677, 683, 677, 683, 677, 683, 677, 683, 677, 683, 677, 683, 677, 683, 677, 683, 677, 683, 677, 683, 677, 683, 677, 683, 677, 683, 677, 683, 677, 683, 677,
 671, 665, 671, 665, 671, 665, 671, 665, 671, 665, 671, 665, 671, 665, 671, 665, 671, 665, 671, 665, 671, 665, 671, 665, 671, 665, 671, 665, 671, 665, 671, 665,
 659, 654, 659, 654, 659, 654, 659, 654, 659, 654, 659, 654, 659, 654, 659, 654, 659, 654, 659, 654, 659, 654, 659, 654, 659, 654, 659, 654, 659, 654, 659, 654,
 648, 643, 648, 643, 648, 643, 648, 643, 648, 643, 648, 643, 648, 643, 648, 643, 648, 643, 648, 643, 648, 643, 648, 643, 648, 643, 648, 643, 648, 643, 648, 643,
 637, 632, 637, 632, 637, 632, 637, 632, 637, 632, 637, 632, 637, 632, 637, 632, 637, 632, 637, 632, 637, 632, 637, 632, 637, 632, 637, 632, 637, 632, 637, 632,
 627, 622, 627, 622, 627, 622, 627, 622, 627, 622, 627, 622, 627, 622, 627, 622, 627, 622, 627, 622, 627, 622, 627, 622, 627, 622, 627, 622, 627, 622, 627, 622,
 617, 612, 617, 612, 617, 612, 617, 612, 617, 612, 617, 612, 617, 612, 617, 612, 617, 612, 617, 612, 617, 612, 617, 612, 617, 612, 617, 612, 617, 612, 617, 612,
 607, 603, 607, 603, 607, 603, 607, 603, 607, 603, 607, 603, 607, 603, 607, 603, 607, 603, 607, 603, 607, 603, 607, 603, 607, 603, 607, 603, 607, 603, 607, 603,
 598, 593, 598, 593, 598, 593, 598, 593, 598, 593, 598, 593, 598, 593, 598, 593, 598, 593, 598, 593, 598, 593, 598, 593, 598, 593, 598, 593, 598, 593, 598, 593,
 589, 585, 589, 585, 589, 585, 589, 585, 589, 585, 589, 585, 589, 585, 589, 585, 589, 585, 589, 585, 589, 585, 589, 585, 589, 585, 589, 585, 589, 585, 589, 585,
 580, 576, 580, 576, 580, 576, 580, 576, 580, 576, 580, 576, 580, 576, 580, 576, 580, 576, 580, 576, 580, 576, 580, 576, 580, 576, 580, 576, 580, 576, 580, 576,
 572, 568, 572, 568, 572, 568, 572, 568, 572, 568, 572, 568, 572, 568, 572, 568, 572, 568, 572, 568, 572, 568, 572, 568, 572, 568, 572, 568, 572, 568, 572, 568,
 564, 560, 564, 560, 564, 560, 564, 560, 564, 560, 564, 560, 564, 560, 564, 560, 564, 560, 564, 560, 564, 560, 564, 560, 564, 560, 564, 560, 564, 560, 564, 560,
 556, 552, 556, 552, 556, 552, 556, 552, 556, 552, 556, 552, 556, 552, 556, 552, 556, 552, 556, 552, 556, 552, 556, 552, 556, 552, 556, 552, 556, 552, 556, 552,
 548, 545, 548, 545, 548, 545, 548, 545, 548, 545, 548, 545, 548, 545, 548, 545, 548, 545, 548, 545, 548, 545, 548, 545, 548, 545, 548, 545, 548, 545, 548, 545,
 541, 537, 541, 537, 541, 537, 541, 537, 541, 537, 541, 537, 541, 537, 541, 537, 541, 537, 541, 537, 541, 537, 541, 537, 541, 537, 541, 537, 541, 537, 541, 537,
 534, 530, 534, 530, 534, 530, 534, 530, 534, 530, 534, 530, 534, 530, 534, 530, 534, 530, 534, 530, 534, 530, 534, 530, 534, 530, 534, 530, 534, 530, 534, 530,
 527, 524, 527, 524, 527, 524, 527, 524, 527, 524, 527, 524, 527, 524, 527, 524, 527, 524, 527, 524, 527, 524, 527, 524, 527, 524, 527, 524, 527, 524, 527, 524,
 520, 517, 520, 517, 520, 517, 520, 517, 520, 517, 520, 517, 520, 517, 520, 517, 520, 517, 520, 517, 520, 517, 520, 517, 520, 517, 520, 517, 520, 517, 520, 517,
 514, 510, 514, 510, 514, 510, 514, 510, 514, 510, 514, 510, 514, 510, 514, 510, 514, 510, 514, 510, 514, 510, 514, 510, 514, 510, 514, 510, 514, 510, 514, 510,
 507, 504, 507, 504, 507, 504, 507, 504, 507, 504, 507, 504, 507, 504, 507, 504, 507, 504, 507, 504, 507, 504, 507, 504, 507, 504, 507, 504, 507, 504, 507, 504,
 501, 498, 501, 498, 501, 498, 501, 498, 501, 498, 501, 498, 501, 498, 501, 498, 501, 498, 501, 498, 501, 498, 501, 498, 501, 498, 501, 498, 501, 498, 501, 498,
 495, 492, 495, 492, 495, 492, 495, 492, 495, 492, 495, 492, 495, 492, 495, 492, 495, 492, 495, 492, 495, 492, 495, 492, 495, 492, 495, 492, 495, 492, 495, 492,
 489, 486, 489, 486, 489, 486, 489, 486, 489, 486, 489, 486, 489, 486, 489, 486, 489, 486, 489, 486, 489, 486, 489, 486, 489, 486, 489, 486, 489, 486, 489, 486,
 483, 481, 483, 481, 483, 481, 483, 481, 483, 481, 483, 481, 483, 481, 483, 481, 483, 481, 483, 481, 483, 481, 483, 481, 483, 481, 483, 481, 483, 481, 483, 481,
 478, 475, 478, 475, 478, 475, 478, 475, 478, 475, 478, 475, 478, 475, 478, 475, 478, 475, 478, 475, 478, 475, 478, 475, 478, 475, 478, 475, 478, 475, 478, 475,
 472, 470, 472, 470, 472, 470, 472, 470, 472, 470, 472, 470, 472, 470, 472, 470, 472, 470, 472, 470, 472, 470, 472, 470, 472, 470, 472, 470, 472, 470, 472, 470,
 467, 465, 467, 465, 467, 465, 467, 465, 467, 465, 467, 465, 467, 465, 467, 465, 467, 465, 467, 465, 467, 465, 467, 465, 467, 465, 467, 465, 467, 465, 467, 465,
 462, 459, 462, 459, 462, 459, 462, 459, 462, 459, 462, 459, 462, 459, 462, 459, 462, 459, 462, 459, 462, 459, 462, 459, 462, 459, 462, 459, 462, 459, 462, 459,
 457, 454, 457, 454, 457, 454, 457, 454, 457, 454, 457, 454, 457, 454, 457, 454, 457, 454, 457, 454, 457, 454, 457, 454, 457, 454, 457, 454, 457, 454, 457, 454,
 452, 450, 452, 450, 452, 450, 452, 450, 452, 450, 452, 450, 452, 450, 452, 450, 452, 450, 452, 450, 452, 450, 452, 450, 452, 450, 452, 450, 452, 450, 452, 450,
 447, 445, 447, 445, 447, 445, 447, 445, 447, 445, 447, 445, 447, 445, 447, 445, 447, 445, 447, 445, 447, 445, 447, 445, 447, 445, 447, 445, 447, 445, 447, 445,
 442, 440, 442, 440, 442, 440, 442, 440, 442, 440, 442, 440, 442, 440, 442, 440, 442, 440, 442, 440, 442, 440, 442, 440, 442, 440, 442, 440, 442, 440, 442, 440,
 438, 436, 438, 436, 438, 436, 438, 436, 438, 436, 438, 436, 438, 436, 438, 436, 438, 436, 438, 436, 438, 436, 438, 436, 438, 436, 438, 436, 438, 436, 438, 436,
 433, 431, 433, 431, 433, 431, 433, 431, 433, 431, 433, 431, 433, 431, 433, 431, 433, 431, 433, 431, 433, 431, 433, 431, 433, 431, 433, 431, 433, 431, 433, 431,
 429, 427, 429, 427, 429, 427, 429, 427, 429, 427, 429, 427, 429, 427, 429, 427, 429, 427, 429, 427, 429, 427, 429, 427, 429, 427, 429, 427, 429, 427, 429, 427,
 425, 422, 425, 422, 425, 422, 425, 422, 425, 422, 425, 422, 425, 422, 425, 422, 425, 422, 425, 422, 425, 422, 425, 422, 425, 422, 425, 422, 425, 422, 425, 422,
 420, 418, 420, 418, 420, 418, 420, 418, 420, 418, 420, 418, 420, 418, 420, 418, 420, 418, 420, 418, 420, 418, 420, 418, 420, 418, 420, 418, 420, 418, 420, 418,
 416, 414, 416, 414, 416, 414, 416, 414, 416, 414, 416, 414, 416, 414, 416, 414, 416, 414, 416, 414, 416, 414, 416, 414, 416, 414, 416, 414, 416, 414, 416, 414,
 412, 410, 412, 410, 412, 410, 412, 410, 412, 410, 412, 410, 412, 410, 412, 410, 412, 410, 412, 410, 412, 410, 412, 410, 412, 410, 412, 410, 412, 410, 412, 410,
 408, 406, 408, 406, 408, 406, 408, 406, 408, 406, 408, 406, 408, 406, 408, 406, 408, 406, 408, 406, 408, 406, 408, 406, 408, 406, 408, 406, 408, 406, 408, 406,
 404, 402, 404, 402, 404, 402, 404, 402, 404, 402, 404, 402, 404, 402, 404, 402, 404, 402, 404, 402, 404, 402, 404, 402, 404, 402, 404, 402, 404, 402, 404, 402,
 401, 399, 401, 399, 401, 399, 401, 399, 401, 399, 401, 399, 401, 399, 401, 399, 401, 399, 401, 399, 401, 399, 401, 399, 401, 399, 401, 399, 401, 399, 401, 399,
 397, 395, 397, 395, 397, 395, 397, 395, 397, 395, 397, 395, 397, 395, 397, 395, 397, 395, 397, 395, 397, 395, 397, 395, 397, 395, 397, 395, 397, 395, 397, 395,
 393, 391, 393, 391, 393, 391, 393, 391, 393, 391, 393, 391, 393, 391, 393, 391, 393, 391, 393, 391, 393, 391, 393, 391, 393, 391, 393, 391, 393, 391, 393, 391,
 390, 388, 390, 388, 390, 388, 390, 388, 390, 388, 390, 388, 390, 388, 390, 388, 390, 388, 390, 388, 390, 388, 390, 388, 390, 388, 390, 388, 390, 388, 390, 388,
 386, 384, 386, 384, 386, 384, 386, 384, 386, 384, 386, 384, 386, 384, 386, 384, 386, 384, 386, 384, 386, 384, 386, 384, 386, 384, 386, 384, 386, 384, 386, 384,
 383, 381, 383, 381, 383, 381, 383, 381, 383, 381, 383, 381, 383, 381, 383, 381, 383, 381, 383, 381, 383, 381, 383, 381, 383, 381, 383, 381, 383, 381, 383, 381,
 379, 378, 379, 378, 379, 378, 379, 378, 379, 378, 379, 378, 379, 378, 379, 378, 379, 378, 379, 378, 379, 378, 379, 378, 379, 378, 379, 378, 379, 378, 379, 378,
 376, 374, 376, 374, 376, 374, 376, 374, 376, 374, 376, 374, 376, 374, 376, 374, 376, 374, 376, 374, 376, 374, 376, 374, 376, 374, 376, 374, 376, 374, 376, 374,
 373, 371, 373, 371, 373, 371, 373, 371, 373, 371, 373, 371, 373, 371, 373, 371, 373, 371, 373, 371, 373, 371, 373, 371, 373, 371, 373, 371, 373, 371, 373, 371,
 369, 368, 369, 368, 369, 368, 369, 368, 369, 368, 369, 368, 369, 368, 369, 368, 369, 368, 369, 368, 369, 368, 369, 368, 369, 368, 369, 368, 369, 368, 369, 368,
 366, 365, 366, 365, 366, 365, 366, 365, 366, 365, 366, 365, 366, 365, 366, 365, 366, 365, 366, 365, 366, 365, 366, 365, 366, 365, 366, 365, 366, 365, 366, 365,
 363, 362, 363, 362, 363, 362, 363, 362, 363, 362, 363, 362, 363, 362, 363, 362, 363, 362, 363, 362, 363, 362, 363, 362, 363, 362, 363, 362, 363, 362, 363, 362,
 360, 359, 360, 359, 360, 359, 360, 359, 360, 359, 360, 359, 360, 359, 360, 359, 360, 359, 360, 359, 360, 359, 360, 359, 360, 359, 360, 359, 360, 359, 360, 359,
 357, 356, 357, 356, 357, 356, 357, 356, 357, 356, 357, 356, 357, 356, 357, 356, 357, 356, 357, 356, 357, 356, 357, 356, 357, 356, 357, 356, 357, 356, 357, 356,
 354, 353, 354, 353, 354, 353, 354, 353, 354, 353, 354, 353, 354, 353, 354, 353, 354, 353, 354, 353, 354, 353, 354, 353, 354, 353, 354, 353, 354, 353, 354, 353,
 351, 350, 351, 350, 351, 350, 351, 350, 351, 350, 351, 350, 351, 350, 351, 350, 351, 350, 351, 350, 351, 350, 351, 350, 351, 350, 351, 350, 351, 350, 351, 350,
 349, 347, 349, 347, 349, 347, 349, 347, 349, 347, 349, 347, 349, 347, 349, 347, 349, 347, 349, 347, 349, 347, 349, 347, 349, 347, 349, 347, 349, 347, 349, 347,
 346, 344, 346, 344, 346, 344, 346, 344, 346, 344, 346, 344, 346, 344, 346, 344, 346, 344, 346, 344, 346, 344, 346, 344, 346, 344, 346, 344, 346, 344, 346, 344,
 343, 342, 343, 342, 343, 342, 343, 342, 343, 342, 343, 342, 343, 342, 343, 342, 343, 342, 343, 342, 343, 342, 343, 342, 343, 342, 343, 342, 343, 342, 343, 342,
 340, 339, 340, 339, 340, 339, 340, 339, 340, 339, 340, 339, 340, 339, 340, 339, 340, 339, 340, 339, 340, 339, 340, 339, 340, 339, 340, 339, 340, 339, 340, 339,
 338, 336, 338, 336, 338, 336, 338, 336, 338, 336, 338, 336, 338, 336, 338, 336, 338, 336, 338, 336, 338, 336, 338, 336, 338, 336, 338, 336, 338, 336, 338, 336,
 335, 334, 335, 334, 335, 334, 335, 334, 335, 334, 335, 334, 335, 334, 335, 334, 335, 334, 335, 334, 335, 334, 335, 334, 335, 334, 335, 334, 335, 334, 335, 334,
 333, 331, 333, 331, 333, 331, 333, 331, 333, 331, 333, 331, 333, 331, 333, 331, 333, 331, 333, 331, 333, 331, 333, 331, 333, 331, 333, 331, 333, 331, 333, 331,
 330, 329, 330, 329, 330, 329, 330, 329, 330, 329, 330, 329, 330, 329, 330, 329, 330, 329, 330, 329, 330, 329, 330, 329, 330, 329, 330, 329, 330, 329, 330, 329,
 328, 326, 328, 326, 328, 326, 328, 326, 328, 326, 328, 326, 328, 326, 328, 326, 328, 326, 328, 326, 328, 326, 328, 326, 328, 326, 328, 326, 328, 326, 328, 326,
 325, 324, 325, 324, 325, 324, 325, 324, 325, 324, 325, 324, 325, 324, 325, 324, 325, 324, 325, 324, 325, 324, 325, 324, 325, 324, 325, 324, 325, 324, 325, 324,
 323, 322, 323, 322, 323, 322, 323, 322, 323, 322, 323, 322, 323, 322, 323, 322, 323, 322, 323, 322, 323, 322, 323, 322, 323, 322, 323, 322, 323, 322, 323, 322,
 320, 319, 320, 319, 320, 319, 320, 319, 320, 319, 320, 319, 320, 319, 320, 319, 320, 319, 320, 319, 320, 319, 320, 319, 320, 319, 320, 319, 320, 319, 320, 319,
 318, 317, 318, 317, 318, 317, 318, 317, 318, 317, 318, 317, 318, 317, 318, 317, 318, 317, 318, 317, 318, 317, 318, 317, 318, 317, 318, 317, 318, 317, 318, 317,
 316, 315, 316, 315, 316, 315, 316, 315, 316, 315, 316, 315, 316, 315, 316, 315, 316, 315, 316, 315, 316, 315, 316, 315, 316, 315, 316, 315, 316, 315, 316, 315,
 314, 312, 314, 312, 314, 312, 314, 312, 314, 312, 314, 312, 314, 312, 314, 312, 314, 312, 314, 312, 314, 312, 314, 312, 314, 312, 314, 312, 314, 312, 314, 312,
 311, 310, 311, 310, 311, 310, 311, 310, 311, 310, 311, 310, 311, 310, 311, 310, 311, 310, 311, 310, 311, 310, 311, 310, 311, 310, 311, 310, 311, 310, 311, 310,
 309, 308, 309, 308, 309, 308, 309, 308, 309, 308, 309, 308, 309, 308, 309, 308, 309, 308, 309, 308, 309, 308, 309, 308, 309, 308, 309, 308, 309, 308, 309, 308,
 307, 306, 307, 306, 307, 306, 307, 306, 307, 306, 307, 306, 307, 306, 307, 306, 307, 306, 307, 306, 307, 306, 307, 306, 307, 306, 307, 306, 307, 306, 307, 306,
 305, 304, 305, 304, 305, 304, 305, 304, 305, 304, 305, 304, 305, 304, 305, 304, 305, 304, 305, 304, 305, 304, 305, 304, 305, 304, 305, 304, 305, 304, 305, 304,
 303, 302, 303, 302, 303, 302, 303, 302, 303, 302, 303, 302, 303, 302, 303, 302, 303, 302, 303, 302, 303, 302, 303, 302, 303, 302, 303, 302, 303, 302, 303, 302,
 301, 300, 301, 300, 301, 300, 301, 300, 301, 300, 301, 300, 301, 300, 301, 300, 301, 300, 301, 300, 301, 300, 301, 300, 301, 300, 301, 300, 301, 300, 301, 300,
 299, 298, 299, 298, 299, 298, 299, 298, 299, 298, 299, 298, 299, 298, 299, 298, 299, 298, 299, 298, 299, 298, 299, 298, 299, 298, 299, 298, 299, 298, 299, 298,
 297, 296, 297, 296, 297, 296, 297, 296, 297, 296, 297, 296, 297, 296, 297, 296, 297, 296, 297, 296, 297, 296, 297, 296, 297, 296, 297, 296, 297, 296, 297, 296,
 295, 294, 295, 294, 295, 294, 295, 294, 295, 294, 295, 294, 295, 294, 295, 294, 295, 294, 295, 294, 295, 294, 295, 294, 295, 294, 295, 294, 295, 294, 295, 294,
 293, 292, 293, 292, 293, 292, 293, 292, 293, 292, 293, 292, 293, 292, 293, 292, 293, 292, 293, 292, 293, 292, 293, 292, 293, 292, 293, 292, 293, 292, 293, 292,
 291, 290, 291, 290, 291, 290, 291, 290, 291, 290, 291, 290, 291, 290, 291, 290, 291, 290, 291, 290, 291, 290, 291, 290, 291, 290, 291, 290, 291, 290, 291, 290,
 289, 288, 289, 288, 289, 288, 289, 288, 289, 288, 289, 288, 289, 288, 289, 288, 289, 288, 289, 288, 289, 288, 289, 288, 289, 288, 289, 288, 289, 288, 289, 288,
 287, 286, 287, 286, 287, 286, 287, 286, 287, 286, 287, 286, 287, 286, 287, 286, 287, 286, 287, 286, 287, 286, 287, 286, 287, 286, 287, 286, 287, 286, 287, 286,
 285, 284, 285, 284, 285, 284, 285, 284, 285, 284, 285, 284, 285, 284, 285, 284, 285, 284, 285, 284, 285, 284, 285, 284, 285, 284, 285, 284, 285, 284, 285, 284,
 284, 283, 284, 283, 284, 283, 284, 283, 284, 283, 284, 283, 284, 283, 284, 283, 284, 283, 284, 283, 284, 283, 284, 283, 284, 283, 284, 283, 284, 283, 284, 283,
 282, 281, 282, 281, 282, 281, 282, 281, 282, 281, 282, 281, 282, 281, 282, 281, 282, 281, 282, 281, 282, 281, 282, 281, 282, 281, 282, 281, 282, 281, 282, 281,
 280, 279, 280, 279, 280, 279, 280, 279, 280, 279, 280, 279, 280, 279, 280, 279, 280, 279, 280, 279, 280, 279, 280, 279, 280, 279, 280, 279, 280, 279, 280, 279,
 278, 277, 278, 277, 278, 277, 278, 277, 278, 277, 278, 277, 278, 277, 278, 277, 278, 277, 278, 277, 278, 277, 278, 277, 278, 277, 278, 277, 278, 277, 278, 277,
 277, 276, 277, 276, 277, 276, 277, 276, 277, 276, 277, 276, 277, 276, 277, 276, 277, 276, 277, 276, 277, 276, 277, 276, 277, 276, 277, 276, 277, 276, 277, 276,
 275, 274, 275, 274, 275, 274, 275, 274, 275, 274, 275, 274, 275, 274, 275, 274, 275, 274, 275, 274, 275, 274, 275, 274, 275, 274, 275, 274, 275, 274, 275, 274,
 273, 272, 273, 272, 273, 272, 273, 272, 273, 272, 273, 272, 273, 272, 273, 272, 273, 272, 273, 272, 273, 272, 273, 272, 273, 272, 273, 272, 273, 272, 273, 272,
 271, 271, 271, 271, 271, 271, 271, 271, 271, 271, 271, 271, 271, 271, 271, 271, 271, 271, 271, 271, 271, 271, 271, 271, 271, 271, 271, 271, 271, 271, 271, 271,
 270, 269, 270, 269, 270, 269, 270, 269, 270, 269, 270, 269, 270, 269, 270, 269, 270, 269, 270, 269, 270, 269, 270, 269, 270, 269, 270, 269, 270, 269, 270, 269,
 268, 267, 268, 267, 268, 267, 268, 267, 268, 267, 268, 267, 268, 267, 268, 267, 268, 267, 268, 267, 268, 267, 268, 267, 268, 267, 268, 267, 268, 267, 268, 267,
 267, 266, 267, 266, 267, 266, 267, 266, 267, 266, 267, 266, 267, 266, 267, 266, 267, 266, 267, 266, 267, 266, 267, 266, 267, 266, 267, 266, 267, 266, 267, 266,
 265, 264, 265, 264, 265, 264, 265, 264, 265, 264, 265, 264, 265, 264, 265, 264, 265, 264, 265, 264, 265, 264, 265, 264, 265, 264, 265, 264, 265, 264, 265, 264,
 264, 263, 264, 263, 264, 263, 264, 263, 264, 263, 264, 263, 264, 263, 264, 263, 264, 263, 264, 263, 264, 263, 264, 263, 264, 263, 264, 263, 264, 263, 264, 263,
 262, 261, 262, 261, 262, 261, 262, 261, 262, 261, 262, 261, 262, 261, 262, 261, 262, 261, 262, 261, 262, 261, 262, 261, 262, 261, 262, 261, 262, 261, 262, 261,
 261, 260, 261, 260, 261, 260, 261, 260, 261, 260, 261, 260, 261, 260, 261, 260, 261, 260, 261, 260, 261, 260, 261, 260, 261, 260, 261, 260, 261, 260, 261, 260,
 259, 258, 259, 258, 259, 258, 259, 258, 259, 258, 259, 258, 259, 258, 259, 258, 259, 258, 259, 258, 259, 258, 259, 258, 259, 258, 259, 258, 259, 258, 259, 258,
 258, 257, 258, 257, 258, 257, 258, 257, 258, 257, 258, 257, 258, 257, 258, 257, 258, 257, 258, 257, 258, 257, 258, 257, 258, 257, 258, 257, 258, 257, 258, 257,
 256, 255, 256, 255, 256, 255, 256, 255, 256, 255, 256, 255, 256, 255, 256, 255, 256, 255, 256, 255, 256, 255, 256, 255, 256, 255, 256, 255, 256, 255, 256, 255,
 255, 254, 255, 254, 255, 254, 255, 254, 255, 254, 255, 254, 255, 254, 255, 254, 255, 254, 255, 254, 255, 254, 255, 254, 255, 254, 255, 254, 255, 254, 255, 254,
 253, 253, 253, 253, 253, 253, 253, 253, 253, 253, 253, 253, 253, 253, 253, 253, 253, 253, 253, 253, 253, 253, 253, 253, 253, 253, 253, 253, 253, 253, 253, 253,
 252, 251, 252, 251, 252, 251, 252, 251, 252, 251, 252, 251, 252, 251, 252, 251, 252, 251, 252, 251, 252, 251, 252, 251, 252, 251, 252, 251, 252, 251, 252, 251,
 251, 250, 251, 250, 251, 250, 251, 250, 251, 250, 251, 250, 251, 250, 251, 250, 251, 250, 251, 250, 251, 250, 251, 250, 251, 250, 251, 250, 251, 250, 251, 250,
 249, 249, 249, 249, 249, 249, 249, 249, 249, 249, 249, 249, 249, 249, 249, 249, 249, 249, 249, 249, 249, 249, 249, 249, 249, 249, 249, 249, 249, 249, 249, 249,
 248, 247, 248, 247, 248, 247, 248, 247, 248, 247, 248, 247, 248, 247, 248, 247, 248, 247, 248, 247, 248, 247, 248, 247, 248, 247, 248, 247, 248, 247, 248, 247,
 247, 246, 247, 246, 247, 246, 247, 246, 247, 246, 247, 246, 247, 246, 247, 246, 247, 246, 247, 246, 247, 246, 247, 246, 247, 246, 247, 246, 247, 246, 247, 246,
 245, 245, 245, 245, 245, 245, 245, 245, 245, 245, 245, 245, 245, 245, 245, 245, 245, 245, 245, 245, 245, 245, 245, 245, 245, 245, 245, 245, 245, 245, 245, 245,
 244, 243, 244, 243, 244, 243, 244, 243, 244, 243, 244, 243, 244, 243, 244, 243, 244, 243, 244, 243, 244, 243, 244, 243, 244, 243, 244, 243, 244, 243, 244, 243,
 243, 242, 243, 242, 243, 242, 243, 242, 243, 242, 243, 242, 243, 242, 243, 242, 243, 242, 243, 242, 243, 242, 243, 242, 243, 242, 243, 242, 243, 242, 243, 242,
 241, 241, 241, 241, 241, 241, 241, 241, 241, 241, 241, 241, 241, 241, 241, 241, 241, 241, 241, 241, 241, 241, 241, 241, 241, 241, 241, 241, 241, 241, 241, 241,
 240, 239, 240, 239, 240, 239, 240, 239, 240, 239, 240, 239, 240, 239, 240, 239, 240, 239, 240, 239, 240, 239, 240, 239, 240, 239, 240, 239, 240, 239, 240, 239,
 239, 238, 239, 238, 239, 238, 239, 238, 239, 238, 239, 238, 239, 238, 239, 238, 239, 238, 239, 238, 239, 238, 239, 238, 239, 238, 239, 238, 239, 238, 239, 238,
 238, 237, 238, 237, 238, 237, 238, 237, 238, 237, 238, 237, 238, 237, 238, 237, 238, 237, 238, 237, 238, 237, 238, 237, 238, 237, 238, 237, 238, 237, 238, 237,
 236, 236, 236, 236, 236, 236, 236, 236, 236, 236, 236, 236, 236, 236, 236, 236, 236, 236, 236, 236, 236, 236, 236, 236, 236, 236, 236, 236, 236, 236, 236, 236,
 235, 235, 235, 235, 235, 235, 235, 235, 235, 235, 235, 235, 235, 235, 235, 235, 235, 235, 235, 235, 235, 235, 235, 235, 235, 235, 235, 235, 235, 235, 235, 235,
 234, 233, 234, 233, 234, 233, 234, 233, 234, 233, 234, 233, 234, 233, 234, 233, 234, 233, 234, 233, 234, 233, 234, 233, 234, 233, 234, 233, 234, 233, 234, 233,
 233, 232, 233, 232, 233, 232, 233, 232, 233, 232, 233, 232, 233, 232, 233, 232, 233, 232, 233, 232, 233, 232, 233, 232, 233, 232, 233, 232, 233, 232, 233, 232,
 232, 231, 232, 231, 232, 231, 232, 231, 232, 231, 232, 231, 232, 231, 232, 231, 232, 231, 232, 231, 232, 231, 232, 231, 232, 231, 232, 231, 232, 231, 232, 231,
 231, 230, 231, 230, 231, 230, 231, 230, 231, 230, 231, 230, 231, 230, 231, 230, 231, 230, 231, 230, 231, 230, 231, 230, 231, 230, 231, 230, 231, 230, 231, 230,
 230, 229, 230, 229, 230, 229, 230, 229, 230, 229, 230, 229, 230, 229, 230, 229, 230, 229, 230, 229, 230, 229, 230, 229, 230, 229, 230, 229, 230, 229, 230, 229,
 228, 228, 228, 228, 228, 228, 228, 228, 228, 228, 228, 228, 228, 228, 228, 228, 228, 228, 228, 228, 228, 228, 228, 228, 228, 228, 228, 228, 228, 228, 228, 228,
 227, 227, 227, 227, 227, 227, 227, 227, 227, 227, 227, 227, 227, 227, 227, 227, 227, 227, 227, 227, 227, 227, 227, 227, 227, 227, 227, 227, 227, 227, 227, 227,
 226, 226, 226, 226, 226, 226, 226, 226, 226, 226, 226, 226, 226, 226, 226, 226, 226, 226, 226, 226, 226, 226, 226, 226, 226, 226, 226, 226, 226, 226, 226, 226,
 225, 225, 225, 225, 225, 225, 225, 225, 225, 225, 225, 225, 225, 225, 225, 225, 225, 225, 225, 225, 225, 225, 225, 225, 225, 225, 225, 225, 225, 225, 225, 225,
 224, 224, 224, 224, 224, 224, 224, 224, 224, 224, 224, 224, 224, 224, 224, 224, 224, 224, 224, 224, 224, 224, 224, 224, 224, 224, 224, 224, 224, 224, 224, 224,
 223, 223, 223, 223, 223, 223, 223, 223, 223, 223, 223, 223, 223, 223, 223, 223, 223, 223, 223, 223, 223, 223, 223, 223, 223, 223, 223, 223, 223, 223, 223, 223,
 222, 221, 222, 221, 222, 221, 222, 221, 222, 221, 222, 221, 222, 221, 222, 221, 222, 221, 222, 221, 222, 221, 222, 221, 222, 221, 222, 221, 222, 221, 222, 221,
 221, 220, 221, 220, 221, 220, 221, 220, 221, 220, 221, 220, 221, 220, 221, 220, 221, 220, 221, 220, 221, 220, 221, 220, 221, 220, 221, 220, 221, 220, 221, 220,
 220, 219, 220, 219, 220, 219, 220, 219, 220, 219, 220, 219, 220, 219, 220, 219, 220, 219, 220, 219, 220, 219, 220, 219, 220, 219, 220, 219, 220, 219, 220, 219,
 219, 218, 219, 218, 219, 218, 219, 218, 219, 218, 219, 218, 219, 218, 219, 218, 219, 218, 219, 218, 219, 218, 219, 218, 219, 218, 219, 218, 219, 218, 219, 218,
 218, 217, 218, 217, 218, 217, 218, 217, 218, 217, 218, 217, 218, 217, 218, 217, 218, 217, 218, 217, 218, 217, 218, 217, 218, 217, 218, 217, 218, 217, 218, 217,
 217, 216, 217, 216, 217, 216, 217, 216, 217, 216, 217, 216, 217, 216, 217, 216, 217, 216, 217, 216, 217, 216, 217, 216, 217, 216, 217, 216, 217, 216, 217, 216,
 216, 216, 216, 216, 216, 216, 216, 216, 216, 216, 216, 216, 216, 216, 216, 216, 216, 216, 216, 216, 216, 216, 216, 216, 216, 216, 216, 216, 216, 216, 216, 216,
 215, 215, 215, 215, 215, 215, 215, 215, 215, 215, 215, 215, 215, 215, 215, 215, 215, 215, 215, 215, 215, 215, 215, 215, 215, 215, 215, 215, 215, 215, 215, 215,
 214, 214, 214, 214, 214, 214, 214, 214, 214, 214, 214, 214, 214, 214, 214, 214, 214, 214, 214, 214, 214, 214, 214, 214, 214, 214, 214, 214, 214, 214, 214, 214,
 213, 213, 213, 213, 213, 213, 213, 213, 213, 213, 213, 213, 213, 213, 213, 213, 213, 213, 213, 213, 213, 213, 213, 213, 213, 213, 213, 213, 213, 213, 213, 213,
 212, 212, 212, 212, 212, 212, 212, 212, 212, 212, 212, 212, 212, 212, 212, 212, 212, 212, 212, 212, 212, 212, 212, 212, 212, 212, 212, 212, 212, 212, 212, 212,
 211, 211, 211, 211, 211, 211, 211, 211, 211, 211, 211, 211, 211, 211, 211, 211, 211, 211, 211, 211, 211, 211, 211, 211, 211, 211, 211, 211, 211, 211, 211, 211,
 210, 210, 210, 210, 210, 210, 210, 210, 210, 210, 210, 210, 210, 210, 210, 210, 210, 210, 210, 210, 210, 210, 210, 210, 210, 210, 210, 210, 210, 210, 210, 210,
 209, 209, 209, 209, 209, 209, 209, 209, 209, 209, 209, 209, 209, 209, 209, 209, 209, 209, 209, 209, 209, 209, 209, 209, 209, 209, 209, 209, 209, 209, 209, 209,
 209, 208, 209, 208, 209, 208, 209, 208, 209, 208, 209, 208, 209, 208, 209, 208, 209, 208, 209, 208, 209, 208, 209, 208, 209, 208, 209, 208, 209, 208, 209, 208,
 208, 207, 208, 207, 208, 207, 208, 207, 208, 207, 208, 207, 208, 207, 208, 207, 208, 207, 208, 207, 208, 207, 208, 207, 208, 207, 208, 207, 208, 207, 208, 207,
 207, 206, 207, 206, 207, 206, 207, 206, 207, 206, 207, 206, 207, 206, 207, 206, 207, 206, 207, 206, 207, 206, 207, 206, 207, 206, 207, 206, 207, 206, 207, 206,
 206, 206, 206, 206, 206, 206, 206, 206, 206, 206, 206, 206, 206, 206, 206, 206, 206, 206, 206, 206, 206, 206, 206, 206, 206, 206, 206, 206, 206, 206, 206, 206,
 205, 205, 205, 205, 205, 205, 205, 205, 205, 205, 205, 205, 205, 205, 205, 205, 205, 205, 205, 205, 205, 205, 205, 205, 205, 205, 205, 205, 205, 205, 205, 205,
 204, 204, 204, 204, 204, 204, 204, 204, 204, 204, 204, 204, 204, 204, 204, 204, 204, 204, 204, 204, 204, 204, 204, 204, 204, 204, 204, 204, 204, 204, 204, 204,
 203, 203, 203, 203, 203, 203, 203, 203, 203, 203, 203, 203, 203, 203, 203, 203, 203, 203, 203, 203, 203, 203, 203, 203, 203, 203, 203, 203, 203, 203, 203, 203,
 203, 202, 203, 202, 203, 202, 203, 202, 203, 202, 203, 202, 203, 202, 203, 202, 203, 202, 203, 202, 203, 202, 203, 202, 203, 202, 203, 202, 203, 202, 203, 202,
 202, 201, 202, 201, 202, 201, 202, 201, 202, 201, 202, 201, 202, 201, 202, 201, 202, 201, 202, 201, 202, 201, 202, 201, 202, 201, 202, 201, 202, 201, 202, 201,
 201, 201, 201, 201, 201, 201, 201, 201, 201, 201, 201, 201, 201, 201, 201, 201, 201, 201, 201, 201, 201, 201, 201, 201, 201, 201, 201, 201, 201, 201, 201, 201,
 200, 200, 200, 200, 200, 200, 200, 200, 200, 200, 200, 200, 200, 200, 200, 200, 200, 200, 200, 200, 200, 200, 200, 200, 200, 200, 200, 200, 200, 200, 200, 200,
 199, 199, 199, 199, 199, 199, 199, 199, 199, 199, 199, 199, 199, 199, 199, 199, 199, 199, 199, 199, 199, 199, 199, 199, 199, 199, 199, 199, 199, 199, 199, 199,
 199, 198, 199, 198, 199, 198, 199, 198, 199, 198, 199, 198, 199, 198, 199, 198, 199, 198, 199, 198, 199, 198, 199, 198, 199, 198, 199, 198, 199, 198, 199, 198,
 198, 197, 198, 197, 198, 197, 198, 197, 198, 197, 198, 197, 198, 197, 198, 197, 198, 197, 198, 197, 198, 197, 198, 197, 198, 197, 198, 197, 198, 197, 198, 197,
 197, 197, 197, 197, 197, 197, 197, 197, 197, 197, 197, 197, 197, 197, 197, 197, 197, 197, 197, 197, 197, 197, 197, 197, 197, 197, 197, 197, 197, 197, 197, 197,
 196, 196, 196, 196, 196, 196, 196, 196, 196, 196, 196, 196, 196, 196, 196, 196, 196, 196, 196, 196, 196, 196, 196, 196, 196, 196, 196, 196, 196, 196, 196, 196,
 196, 195, 196, 195, 196, 195, 196, 195, 196, 195, 196, 195, 196, 195, 196, 195, 196, 195, 196, 195, 196, 195, 196, 195, 196, 195, 196, 195, 196, 195, 196, 195,
 195, 194, 195, 194, 195, 194, 195, 194, 195, 194, 195, 194, 195, 194, 195, 194, 195, 194, 195, 194, 195, 194, 195, 194, 195, 194, 195, 194, 195, 194, 195, 194,
 194, 194, 194, 194, 194, 194, 194, 194, 194, 194, 194, 194, 194, 194, 194, 194, 194, 194, 194, 194, 194, 194, 194, 194, 194, 194, 194, 194, 194, 194, 194, 194,
 193, 193, 193, 193, 193, 193, 193, 193, 193, 193, 193, 193, 193, 193, 193, 193, 193, 193, 193, 193, 193, 193, 193, 193, 193, 193, 193, 193, 193, 193, 193, 193,
 193, 192, 193, 192, 193, 192, 193, 192, 193, 192, 193, 192, 193, 192, 193, 192, 193, 192, 193, 192, 193, 192, 193, 192, 193, 192, 193, 192, 193, 192, 193, 192,
 192, 192, 192, 192, 192, 192, 192, 192, 192, 192, 192, 192, 192, 192, 192, 192, 192, 192, 192, 192, 192, 192, 192, 192, 192, 192, 192, 192, 192, 192, 192, 192,
 191, 191, 191, 191, 191, 191, 191, 191, 191, 191, 191, 191, 191, 191, 191, 191, 191, 191, 191, 191, 191, 191, 191, 191, 191, 191, 191, 191, 191, 191, 191, 191,
 191, 190, 191, 190, 191, 190, 191, 190, 191, 190, 191, 190, 191, 190, 191, 190, 191, 190, 191, 190, 191, 190, 191, 190, 191, 190, 191, 190, 191, 190, 191, 190,
 190, 190, 190, 190, 190, 190, 190, 190, 190, 190, 190, 190, 190, 190, 190, 190, 190, 190, 190, 190, 190, 190, 190, 190, 190, 190, 190, 190, 190, 190, 190, 190,
 189, 189, 189, 189, 189, 189, 189, 189, 189, 189, 189, 189, 189, 189, 189, 189, 189, 189, 189, 189, 189, 189, 189, 189, 189, 189, 189, 189, 189, 189, 189, 189,
 188, 188, 188, 188, 188, 188, 188, 188, 188, 188, 188, 188, 188, 188, 188, 188, 188, 188, 188, 188, 188, 188, 188, 188, 188, 188, 188, 188, 188, 188, 188, 188,
 188, 187, 188, 187, 188, 187, 188, 187, 188, 187, 188, 187, 188, 187, 188, 187, 188, 187, 188, 187, 188, 187, 188, 187, 188, 187, 188, 187, 188, 187, 188, 187,
 187, 187, 187, 187, 187, 187, 187, 187, 187, 187, 187, 187, 187, 187, 187, 187, 187, 187, 187, 187, 187, 187, 187, 187, 187, 187, 187, 187, 187, 187, 187, 187,
 186, 186, 186, 186, 186, 186, 186, 186, 186, 186, 186, 186, 186, 186, 186, 186, 186, 186, 186, 186, 186, 186, 186, 186, 186, 186, 186, 186, 186, 186, 186, 186,
 186, 186, 186, 186, 186, 186, 186, 186, 186, 186, 186, 186, 186, 186, 186, 186, 186, 186, 186, 186, 186, 186, 186, 186, 186, 186, 186, 186, 186, 186, 186, 186,
 185, 185, 185, 185, 185, 185, 185, 185, 185, 185, 185, 185, 185, 185, 185, 185, 185, 185, 185, 185, 185, 185, 185, 185, 185, 185, 185, 185, 185, 185, 185, 185,
 185, 184, 185, 184, 185, 184, 185, 184, 185, 184, 185, 184, 185, 184, 185, 184, 185, 184, 185, 184, 185, 184, 185, 184, 185, 184, 185, 184, 185, 184, 185, 184,
 184, 184, 184, 184, 184, 184, 184, 184, 184, 184, 184, 184, 184, 184, 184, 184, 184, 184, 184, 184, 184, 184, 184, 184, 184, 184, 184, 184, 184, 184, 184, 184,
 183, 183, 183, 183, 183, 183, 183, 183, 183, 183, 183, 183, 183, 183, 183, 183, 183, 183, 183, 183, 183, 183, 183, 183, 183, 183, 183, 183, 183, 183, 183, 183,
 183, 182, 183, 182, 183, 182, 183, 182, 183, 182, 183, 182, 183, 182, 183, 182, 183, 182, 183, 182, 183, 182, 183, 182, 183, 182, 183, 182, 183, 182, 183, 182,
 182, 182, 182, 182, 182, 182, 182, 182, 182, 182, 182, 182, 182, 182, 182, 182, 182, 182, 182, 182, 182, 182, 182, 182, 182, 182, 182, 182, 182, 182, 182, 182,
 181, 181, 181, 181, 181, 181, 181, 181, 181, 181, 181, 181, 181, 181, 181, 181, 181, 181, 181, 181, 181, 181, 181, 181, 181, 181, 181, 181, 181, 181, 181, 181,
 181, 181, 181, 181, 181, 181, 181, 181, 181, 181, 181, 181, 181, 181, 181, 181, 181, 181, 181, 181, 181, 181, 181, 181, 181, 181, 181, 181, 181, 181, 181, 181,
 180, 180, 180, 180, 180, 180, 180, 180, 180, 180, 180, 180, 180, 180, 180, 180, 180, 180, 180, 180, 180, 180, 180, 180, 180, 180, 180, 180, 180, 180, 180, 180,
 180, 179, 180, 179, 180, 179, 180, 179, 180, 179, 180, 179, 180, 179, 180, 179, 180, 179, 180, 179, 180, 179, 180, 179, 180, 179, 180, 179, 180, 179, 180, 179,
 179, 179, 179, 179, 179, 179, 179, 179, 179, 179, 179, 179, 179, 179, 179, 179, 179, 179, 179, 179, 179, 179, 179, 179, 179, 179, 179, 179, 179, 179, 179, 179,
 179, 178, 179, 178, 179, 178, 179, 178, 179, 178, 179, 178, 179, 178, 179, 178, 179, 178, 179, 178, 179, 178, 179, 178, 179, 178, 179, 178, 179, 178, 179, 178,
 178, 178, 178, 178, 178, 178, 178, 178, 178, 178, 178, 178, 178, 178, 178, 178, 178, 178, 178, 178, 178, 178, 178, 178, 178, 178, 178, 178, 178, 178, 178, 178,
 177, 177, 177, 177, 177, 177, 177, 177, 177, 177, 177, 177, 177, 177, 177, 177, 177, 177, 177, 177, 177, 177, 177, 177, 177, 177, 177, 177, 177, 177, 177, 177,
 177, 177, 177, 177, 177, 177, 177, 177, 177, 177, 177, 177, 177, 177, 177, 177, 177, 177, 177, 177, 177, 177, 177, 177, 177, 177, 177, 177, 177, 177, 177, 177,
 176, 176, 176, 176, 176, 176, 176, 176, 176, 176, 176, 176, 176, 176, 176, 176, 176, 176, 176, 176, 176, 176, 176, 176, 176, 176, 176, 176, 176, 176, 176, 176,
 176, 175, 176, 175, 176, 175, 176, 175, 176, 175, 176, 175, 176, 175, 176, 175, 176, 175, 176, 175, 176, 175, 176, 175, 176, 175, 176, 175, 176, 175, 176, 175,
 175, 175, 175, 175, 175, 175, 175, 175, 175, 175, 175, 175, 175, 175, 175, 175, 175, 175, 175, 175, 175, 175, 175, 175, 175, 175, 175, 175, 175, 175, 175, 175,
 175, 174, 175, 174, 175, 174, 175, 174, 175, 174, 175, 174, 175, 174, 175, 174, 175, 174, 175, 174, 175, 174, 175, 174, 175, 174, 175, 174, 175, 174, 175, 174,
 174, 174, 174, 174, 174, 174, 174, 174, 174, 174, 174, 174, 174, 174, 174, 174, 174, 174, 174, 174, 174, 174, 174, 174, 174, 174, 174, 174, 174, 174, 174, 174,
 174, 173, 174, 173, 174, 173, 174, 173, 174, 173, 174, 173, 174, 173, 174, 173, 174, 173, 174, 173, 174, 173, 174, 173, 174, 173, 174, 173, 174, 173, 174, 173,
 173, 173, 173, 173, 173, 173, 173, 173, 173, 173, 173, 173, 173, 173, 173, 173, 173, 173, 173, 173, 173, 173, 173, 173, 173, 173, 173, 173, 173, 173, 173, 173,
 173, 172, 173, 172, 173, 172, 173, 172, 173, 172, 173, 172, 173, 172, 173, 172, 173, 172, 173, 172, 173, 172, 173, 172, 173, 172, 173, 172, 173, 172, 173, 172,
 172, 172, 172, 172, 172, 172, 172, 172, 172, 172, 172, 172, 172, 172, 172, 172, 172, 172, 172, 172, 172, 172, 172, 172, 172, 172, 172, 172, 172, 172, 172, 172,
 172, 171, 172, 171, 172, 171, 172, 171, 172, 171, 172, 171, 172, 171, 172, 171, 172, 171, 172, 171, 172, 171, 172, 171, 172, 171, 172, 171, 172, 171, 172, 171,
 171, 171, 171, 171, 171, 171, 171, 171, 171, 171, 171, 171, 171, 171, 171, 171, 171, 171, 171, 171, 171, 171, 171, 171, 171, 171, 171, 171, 171, 171, 171, 171,
 171, 170, 171, 170, 171, 170, 171, 170, 171, 170, 171, 170, 171, 170, 171, 170, 171, 170, 171, 170, 171, 170, 171, 170, 171, 170, 171, 170, 171, 170, 171, 170,
 170, 170, 170, 170, 170, 170, 170, 170, 170, 170, 170, 170, 170, 170, 170, 170, 170, 170, 170, 170, 170, 170, 170, 170, 170, 170, 170, 170, 170, 170, 170, 170,
 170, 169, 170, 169, 170, 169, 170, 169, 170, 169, 170, 169, 170, 169, 170, 169, 170, 169, 170, 169, 170, 169, 170, 169, 170, 169, 170, 169, 170, 169, 170, 169,
 169, 169, 169, 169, 169, 169, 169, 169, 169, 169, 169, 169, 169, 169, 169, 169, 169, 169, 169, 169, 169, 169, 169, 169, 169, 169, 169, 169, 169, 169, 169, 169,
 169, 168, 169, 168, 169, 168, 169, 168, 169, 168, 169, 168, 169, 168, 169, 168, 169, 168, 169, 168, 169, 168, 169, 168, 169, 168, 169, 168, 169, 168, 169, 168,
 168, 168, 168, 168, 168, 168, 168, 168, 168, 168, 168, 168, 168, 168, 168, 168, 168, 168, 168, 168, 168, 168, 168, 168, 168, 168, 168, 168, 168, 168, 168, 168,
 168, 167, 168, 167, 168, 167, 168, 167, 168, 167, 168, 167, 168, 167, 168, 167, 168, 167, 168, 167, 168, 167, 168, 167, 168, 167, 168, 167, 168, 167, 168, 167,
 167, 167, 167, 167, 167, 167, 167, 167, 167, 167, 167, 167, 167, 167, 167, 167, 167, 167, 167, 167, 167, 167, 167, 167, 167, 167, 167, 167, 167, 167, 167, 167,
 167, 166, 167, 166, 167, 166, 167, 166, 167, 166, 167, 166, 167, 166, 167, 166, 167, 166, 167, 166, 167, 166, 167, 166, 167, 166, 167, 166, 167, 166, 167, 166,
 166, 166, 166, 166, 166, 166, 166, 166, 166, 166, 166, 166, 166, 166, 166, 166, 166, 166, 166, 166, 166, 166, 166, 166, 166, 166, 166, 166, 166, 166, 166, 166,
 166, 166, 166, 166, 166, 166, 166, 166, 166, 166, 166, 166, 166, 166, 166, 166, 166, 166, 166, 166, 166, 166, 166, 166, 166, 166, 166, 166, 166, 166, 166, 166,
 165, 165, 165, 165, 165, 165, 165, 165, 165, 165, 165, 165, 165, 165, 165, 165, 165, 165, 165, 165, 165, 165, 165, 165, 165, 165, 165, 165, 165, 165, 165, 165,
 165, 165, 165, 165, 165, 165, 165, 165, 165, 165, 165, 165, 165, 165, 165, 165, 165, 165, 165, 165, 165, 165, 165, 165, 165, 165, 165, 165, 165, 165, 165, 165,
 164, 164, 164, 164, 164, 164, 164, 164, 164, 164, 164, 164, 164, 164, 164, 164, 164, 164, 164, 164, 164, 164, 164, 164, 164, 164, 164, 164, 164, 164, 164, 164,
 164, 164, 164, 164, 164, 164, 164, 164, 164, 164, 164, 164, 164, 164, 164, 164, 164, 164, 164, 164, 164, 164, 164, 164, 164, 164, 164, 164, 164, 164, 164, 164,
 164, 163, 164, 163, 164, 163, 164, 163, 164, 163, 164, 163, 164, 163, 164, 163, 164, 163, 164, 163, 164, 163, 164, 163, 164, 163, 164, 163, 164, 163, 164, 163,
 163, 163, 163, 163, 163, 163, 163, 163, 163, 163, 163, 163, 163, 163, 163, 163, 163, 163, 163, 163, 163, 163, 163, 163, 163, 163, 163, 163, 163, 163, 163, 163,
 163, 163, 163, 163, 163, 163, 163, 163, 163, 163, 163, 163, 163, 163, 163, 163, 163, 163, 163, 163, 163, 163, 163, 163, 163, 163, 163, 163, 163, 163, 163, 163,
 162, 162, 162, 162, 162, 162, 162, 162, 162, 162, 162, 162, 162, 162, 162, 162, 162, 162, 162, 162, 162, 162, 162, 162, 162, 162, 162, 162, 162, 162, 162, 162,
 162, 162, 162, 162, 162, 162, 162, 162, 162, 162, 162, 162, 162, 162, 162, 162, 162, 162, 162, 162, 162, 162, 162, 162, 162, 162, 162, 162, 162, 162, 162, 162,
 161, 161, 161, 161, 161, 161, 161, 161, 161, 161, 161, 161, 161, 161, 161, 161, 161, 161, 161, 161, 161, 161, 161, 161, 161, 161, 161, 161, 161, 161, 161, 161,
 161, 161, 161, 161, 161, 161, 161, 161, 161, 161, 161, 161, 161, 161, 161, 161, 161, 161, 161, 161, 161, 161, 161, 161, 161, 161, 161, 161, 161, 161, 161, 161,
 161, 160, 161, 160, 161, 160, 161, 160, 161, 160, 161, 160, 161, 160, 161, 160, 161, 160, 161, 160, 161, 160, 161, 160, 161, 160, 161, 160, 161, 160, 161, 160,
 160, 160, 160, 160, 160, 160, 160, 160, 160, 160, 160, 160, 160, 160, 160, 160, 160, 160, 160, 160, 160, 160, 160, 160, 160, 160, 160, 160, 160, 160, 160, 160,
 160, 160, 160, 160, 160, 160, 160, 160, 160, 160, 160, 160, 160, 160, 160, 160, 160, 160, 160, 160, 160, 160, 160, 160, 160, 160, 160, 160, 160, 160, 160, 160,
 159, 159, 159, 159, 159, 159, 159, 159, 159, 159, 159, 159, 159, 159, 159, 159, 159, 159, 159, 159, 159, 159, 159, 159, 159, 159, 159, 159, 159, 159, 159, 159,
 159, 159, 159, 159, 159, 159, 159, 159, 159, 159, 159, 159, 159, 159, 159, 159, 159, 159, 159, 159, 159, 159, 159, 159, 159, 159, 159, 159, 159, 159, 159, 159,
 159, 159, 159, 159, 159, 159, 159, 159, 159, 159, 159, 159, 159, 159, 159, 159, 159, 159, 159, 159, 159, 159, 159, 159, 159, 159, 159, 159, 159, 159, 159, 159,
 158, 158, 158, 158, 158, 158, 158, 158, 158, 158, 158, 158, 158, 158, 158, 158, 158, 158, 158, 158, 158, 158, 158, 158, 158, 158, 158, 158, 158, 158, 158, 158,
 158, 158, 158, 158, 158, 158, 158, 158, 158, 158, 158, 158, 158, 158, 158, 158, 158, 158, 158, 158, 158, 158, 158, 158, 158, 158, 158, 158, 158, 158, 158, 158,
 158, 157, 158, 157, 158, 157, 158, 157, 158, 157, 158, 157, 158, 157, 158, 157, 158, 157, 158, 157, 158, 157, 158, 157, 158, 157, 158, 157, 158, 157, 158, 157,
 157, 157, 157, 157, 157, 157, 157, 157, 157, 157, 157, 157, 157, 157, 157, 157, 157, 157, 157, 157, 157, 157, 157, 157, 157, 157, 157, 157, 157, 157, 157, 157,
 157, 157, 157, 157, 157, 157, 157, 157, 157, 157, 157, 157, 157, 157, 157, 157, 157, 157, 157, 157, 157, 157, 157, 157, 157, 157, 157, 157, 157, 157, 157, 157,
 157, 156, 157, 156, 157, 156, 157, 156, 157, 156, 157, 156, 157, 156, 157, 156, 157, 156, 157, 156, 157, 156, 157, 156, 157, 156, 157, 156, 157, 156, 157, 156,
 156, 156, 156, 156, 156, 156, 156, 156, 156, 156, 156, 156, 156, 156, 156, 156, 156, 156, 156, 156, 156, 156, 156, 156, 156, 156, 156, 156, 156, 156, 156, 156,
 156, 156, 156, 156, 156, 156, 156, 156, 156, 156, 156, 156, 156, 156, 156, 156, 156, 156, 156, 156, 156, 156, 156, 156, 156, 156, 156, 156, 156, 156, 156, 156,
 155, 155, 155, 155, 155, 155, 155, 155, 155, 155, 155, 155, 155, 155, 155, 155, 155, 155, 155, 155, 155, 155, 155, 155, 155, 155, 155, 155, 155, 155, 155, 155,
 155, 155, 155, 155, 155, 155, 155, 155, 155, 155, 155, 155, 155, 155, 155, 155, 155, 155, 155, 155, 155, 155, 155, 155, 155, 155, 155, 155, 155, 155, 155, 155,
 155, 155, 155, 155, 155, 155, 155, 155, 155, 155, 155, 155, 155, 155, 155, 155, 155, 155, 155, 155, 155, 155, 155, 155, 155, 155, 155, 155, 155, 155, 155, 155,
 154, 154, 154, 154, 154, 154, 154, 154, 154, 154, 154, 154, 154, 154, 154, 154, 154, 154, 154, 154, 154, 154, 154, 154, 154, 154, 154, 154, 154, 154, 154, 154,
 154, 154, 154, 154, 154, 154, 154, 154, 154, 154, 154, 154, 154, 154, 154, 154, 154, 154, 154, 154, 154, 154, 154, 154, 154, 154, 154, 154, 154, 154, 154, 154,
 154, 154, 154, 154, 154, 154, 154, 154, 154, 154, 154, 154, 154, 154, 154, 154, 154, 154, 154, 154, 154, 154, 154, 154, 154, 154, 154, 154, 154, 154, 154, 154,
 153, 153, 153, 153, 153, 153, 153, 153, 153, 153, 153, 153, 153, 153, 153, 153, 153, 153, 153, 153, 153, 153, 153, 153, 153, 153, 153, 153, 153, 153, 153, 153,
 153, 153, 153, 153, 153, 153, 153, 153, 153, 153, 153, 153, 153, 153, 153, 153, 153, 153, 153, 153, 153, 153, 153, 153, 153, 153, 153, 153, 153, 153, 153, 153,
 153, 153, 153, 153, 153, 153, 153, 153, 153, 153, 153, 153, 153, 153, 153, 153, 153, 153, 153, 153, 153, 153, 153, 153, 153, 153, 153, 153, 153, 153, 153, 153,
 152, 152, 152, 152, 152, 152, 152, 152, 152, 152, 152, 152, 152, 152, 152, 152, 152, 152, 152, 152, 152, 152, 152, 152, 152, 152, 152, 152, 152, 152, 152, 152,
 152, 152, 152, 152, 152, 152, 152, 152, 152, 152, 152, 152, 152, 152, 152, 152, 152, 152, 152, 152, 152, 152, 152, 152, 152, 152, 152, 152, 152, 152, 152, 152,
 152, 152, 152, 152, 152, 152, 152, 152, 152, 152, 152, 152, 152, 152, 152, 152, 152, 152, 152, 152, 152, 152, 152, 152, 152, 152, 152, 152, 152, 152, 152, 152,
 151, 151, 151, 151, 151, 151, 151, 151, 151, 151, 151, 151, 151, 151, 151, 151, 151, 151, 151, 151, 151, 151, 151, 151, 151, 151, 151, 151, 151, 151, 151, 151,
 151, 151, 151, 151, 151, 151, 151, 151, 151, 151, 151, 151, 151, 151, 151, 151, 151, 151, 151, 151, 151, 151, 151, 151, 151, 151, 151, 151, 151, 151, 151, 151,
 151, 151, 151, 151, 151, 151, 151, 151, 151, 151, 151, 151, 151, 151, 151, 151, 151, 151, 151, 151, 151, 151, 151, 151, 151, 151, 151, 151, 151, 151, 151, 151,
 151, 150, 151, 150, 151, 150, 151, 150, 151, 150, 151, 150, 151, 150, 151, 150, 151, 150, 151, 150, 151, 150, 151, 150, 151, 150, 151, 150, 151, 150, 151, 150,
 150, 150, 150, 150, 150, 150, 150, 150, 150, 150, 150, 150, 150, 150, 150, 150, 150, 150, 150, 150, 150, 150, 150, 150, 150, 150, 150, 150, 150, 150, 150, 150,
 150, 150, 150, 150, 150, 150, 150, 150, 150, 150, 150, 150, 150, 150, 150, 150, 150, 150, 150, 150, 150, 150, 150, 150, 150, 150, 150, 150, 150, 150, 150, 150,
 150, 150, 150, 150, 150, 150, 150, 150, 150, 150, 150, 150, 150, 150, 150, 150, 150, 150, 150, 150, 150, 150, 150, 150, 150, 150, 150, 150, 150, 150, 150, 150,
 149, 149, 149, 149, 149, 149, 149, 149, 149, 149, 149, 149, 149, 149, 149, 149, 149, 149, 149, 149, 149, 149, 149, 149, 149, 149, 149, 149, 149, 149, 149, 149,
 149, 149, 149, 149, 149, 149, 149, 149, 149, 149, 149, 149, 149, 149, 149, 149, 149, 149, 149, 149, 149, 149, 149, 149, 149, 149, 149, 149, 149, 149, 149, 149,
 149, 149, 149, 149, 149, 149, 149, 149, 149, 149, 149, 149, 149, 149, 149, 149, 149, 149, 149, 149, 149, 149, 149, 149, 149, 149, 149, 149, 149, 149, 149, 149,
 149, 148, 149, 148, 149, 148, 149, 148, 149, 148, 149, 148, 149, 148, 149, 148, 149, 148, 149, 148, 149, 148, 149, 148, 149, 148, 149, 148, 149, 148, 149, 148,
 148, 148, 148, 148, 148, 148, 148, 148, 148, 148, 148, 148, 148, 148, 148, 148, 148, 148, 148, 148, 148, 148, 148, 148, 148, 148, 148, 148, 148, 148, 148, 148,
 148, 148, 148, 148, 148, 148, 148, 148, 148, 148, 148, 148, 148, 148, 148, 148, 148, 148, 148, 148, 148, 148, 148, 148, 148, 148, 148, 148, 148, 148, 148, 148,
 148, 148, 148, 148, 148, 148, 148, 148, 148, 148, 148, 148, 148, 148, 148, 148, 148, 148, 148, 148, 148, 148, 148, 148, 148, 148, 148, 148, 148, 148, 148, 148,
 147, 147, 147, 147, 147, 147, 147, 147, 147, 147, 147, 147, 147, 147, 147, 147, 147, 147, 147, 147, 147, 147, 147, 147, 147, 147, 147, 147, 147, 147, 147, 147,
 147, 147, 147, 147, 147, 147, 147, 147, 147, 147, 147, 147, 147, 147, 147, 147, 147, 147, 147, 147, 147, 147, 147, 147, 147, 147, 147, 147, 147, 147, 147, 147,
 147, 147, 147, 147, 147, 147, 147, 147, 147, 147, 147, 147, 147, 147, 147, 147, 147, 147, 147, 147, 147, 147, 147, 147, 147, 147, 147, 147, 147, 147, 147, 147,
 147, 146, 147, 146, 147, 146, 147, 146, 147, 146, 147, 146, 147, 146, 147, 146, 147, 146, 147, 146, 147, 146, 147, 146, 147, 146, 147, 146, 147, 146, 147, 146,
 146, 146, 146, 146, 146, 146, 146, 146, 146, 146, 146, 146, 146, 146, 146, 146, 146, 146, 146, 146, 146, 146, 146, 146, 146, 146, 146, 146, 146, 146, 146, 146,
 146, 146, 146, 146, 146, 146, 146, 146, 146, 146, 146, 146, 146, 146, 146, 146, 146, 146, 146, 146, 146, 146, 146, 146, 146, 146, 146, 146, 146, 146, 146, 146,
 146, 146, 146, 146, 146, 146, 146, 146, 146, 146, 146, 146, 146, 146, 146, 146, 146, 146, 146, 146, 146, 146, 146, 146, 146, 146, 146, 146, 146, 146, 146, 146,
 146, 145, 146, 145, 146, 145, 146, 145, 146, 145, 146, 145, 146, 145, 146, 145, 146, 145, 146, 145, 146, 145, 146, 145, 146, 145, 146, 145, 146, 145, 146, 145,
 145, 145, 145, 145, 145, 145, 145, 145, 145, 145, 145, 145, 145, 145, 145, 145, 145, 145, 145, 145, 145, 145, 145, 145, 145, 145, 145, 145, 145, 145, 145, 145,
 145, 145, 145, 145, 145, 145, 145, 145, 145, 145, 145, 145, 145, 145, 145, 145, 145, 145, 145, 145, 145, 145, 145, 145, 145, 145, 145, 145, 145, 145, 145, 145,
 145, 145, 145, 145, 145, 145, 145, 145, 145, 145, 145, 145, 145, 145, 145, 145, 145, 145, 145, 145, 145, 145, 145, 145, 145, 145, 145, 145, 145, 145, 145, 145,
 145, 144, 145, 144, 145, 144, 145, 144, 145, 144, 145, 144, 145, 144, 145, 144, 145, 144, 145, 144, 145, 144, 145, 144, 145, 144, 145, 144, 145, 144, 145, 144,
 144, 144, 144, 144, 144, 144, 144, 144, 144, 144, 144, 144, 144, 144, 144, 144, 144, 144, 144, 144, 144, 144, 144, 144, 144, 144, 144, 144, 144, 144, 144, 144,
 144, 144, 144, 144, 144, 144, 144, 144, 144, 144, 144, 144, 144, 144, 144, 144, 144, 144, 144, 144, 144, 144, 144, 144, 144, 144, 144, 144, 144, 144, 144, 144,
 144, 144, 144, 144, 144, 144, 144, 144, 144, 144, 144, 144, 144, 144, 144, 144, 144, 144, 144, 144, 144, 144, 144, 144, 144, 144, 144, 144, 144, 144, 144, 144,
 144, 144, 144, 144, 144, 144, 144, 144, 144, 144, 144, 144, 144, 144, 144, 144, 144, 144, 144, 144, 144, 144, 144, 144, 144, 144, 144, 144, 144, 144, 144, 144,
 143, 143, 143, 143, 143, 143, 143, 143, 143, 143, 143, 143, 143, 143, 143, 143, 143, 143, 143, 143, 143, 143, 143, 143, 143, 143, 143, 143, 143, 143, 143, 143,
 143, 143, 143, 143, 143, 143, 143, 143, 143, 143, 143, 143, 143, 143, 143, 143, 143, 143, 143, 143, 143, 143, 143, 143, 143, 143, 143, 143, 143, 143, 143, 143,
 143, 143, 143, 143, 143, 143, 143, 143, 143, 143, 143, 143, 143, 143, 143, 143, 143, 143, 143, 143, 143, 143, 143, 143, 143, 143, 143, 143, 143, 143, 143, 143,
 143, 143, 143, 143, 143, 143, 143, 143, 143, 143, 143, 143, 143, 143, 143, 143, 143, 143, 143, 143, 143, 143, 143, 143, 143, 143, 143, 143, 143, 143, 143, 143,
 143, 142, 143, 142, 143, 142, 143, 142, 143, 142, 143, 142, 143, 142, 143, 142, 143, 142, 143, 142, 143, 142, 143, 142, 143, 142, 143, 142, 143, 142, 143, 142,
 142, 142, 142, 142, 142, 142, 142, 142, 142, 142, 142, 142, 142, 142, 142, 142, 142, 142, 142, 142, 142, 142, 142, 142, 142, 142, 142, 142, 142, 142, 142, 142,
 142, 142, 142, 142, 142, 142, 142, 142, 142, 142, 142, 142, 142, 142, 142, 142, 142, 142, 142, 142, 142, 142, 142, 142, 142, 142, 142, 142, 142, 142, 142, 142,
 142, 142, 142, 142, 142, 142, 142, 142, 142, 142, 142, 142, 142, 142, 142, 142, 142, 142, 142, 142, 142, 142, 142, 142, 142, 142, 142, 142, 142, 142, 142, 142,
 142, 142, 142, 142, 142, 142, 142, 142, 142, 142, 142, 142, 142, 142, 142, 142, 142, 142, 142, 142, 142, 142, 142, 142, 142, 142, 142, 142, 142, 142, 142, 142,
 141, 141, 141, 141, 141, 141, 141, 141, 141, 141, 141, 141, 141, 141, 141, 141, 141, 141, 141, 141, 141, 141, 141, 141, 141, 141, 141, 141, 141, 141, 141, 141,
 141, 141, 141, 141, 141, 141, 141, 141, 141, 141, 141, 141, 141, 141, 141, 141, 141, 141, 141, 141, 141, 141, 141, 141, 141, 141, 141, 141, 141, 141, 141, 141,
 141, 141, 141, 141, 141, 141, 141, 141, 141, 141, 141, 141, 141, 141, 141, 141, 141, 141, 141, 141, 141, 141, 141, 141, 141, 141, 141, 141, 141, 141, 141, 141,
 141, 141, 141, 141, 141, 141, 141, 141, 141, 141, 141, 141, 141, 141, 141, 141, 141, 141, 141, 141, 141, 141, 141, 141, 141, 141, 141, 141, 141, 141, 141, 141,
 141, 141, 141, 141, 141, 141, 141, 141, 141, 141, 141, 141, 141, 141, 141, 141, 141, 141, 141, 141, 141, 141, 141, 141, 141, 141, 141, 141, 141, 141, 141, 141,
 140, 140, 140, 140, 140, 140, 140, 140, 140, 140, 140, 140, 140, 140, 140, 140, 140, 140, 140, 140, 140, 140, 140, 140, 140, 140, 140, 140, 140, 140, 140, 140,
 140, 140, 140, 140, 140, 140, 140, 140, 140, 140, 140, 140, 140, 140, 140, 140, 140, 140, 140, 140, 140, 140, 140, 140, 140, 140, 140, 140, 140, 140, 140, 140,
 140, 140, 140, 140, 140, 140, 140, 140, 140, 140, 140, 140, 140, 140, 140, 140, 140, 140, 140, 140, 140, 140, 140, 140, 140, 140, 140, 140, 140, 140, 140, 140,
 140, 140, 140, 140, 140, 140, 140, 140, 140, 140, 140, 140, 140, 140, 140, 140, 140, 140, 140, 140, 140, 140, 140, 140, 140, 140, 140, 140, 140, 140, 140, 140,
 140, 140, 140, 140, 140, 140, 140, 140, 140, 140, 140, 140, 140, 140, 140, 140, 140, 140, 140, 140, 140, 140, 140, 140, 140, 140, 140, 140, 140, 140, 140, 140,
 139, 139, 139, 139, 139, 139, 139, 139, 139, 139, 139, 139, 139, 139, 139, 139, 139, 139, 139, 139, 139, 139, 139, 139, 139, 139, 139, 139, 139, 139, 139, 139,
 139, 139, 139, 139, 139, 139, 139, 139, 139, 139, 139, 139, 139, 139, 139, 139, 139, 139, 139, 139, 139, 139, 139, 139, 139, 139, 139, 139, 139, 139, 139, 139,
 139, 139, 139, 139, 139, 139, 139, 139, 139, 139, 139, 139, 139, 139, 139, 139, 139, 139, 139, 139, 139, 139, 139, 139, 139, 139, 139, 139, 139, 139, 139, 139,
 139, 139, 139, 139, 139, 139, 139, 139, 139, 139, 139, 139, 139, 139, 139, 139, 139, 139, 139, 139, 139, 139, 139, 139, 139, 139, 139, 139, 139, 139, 139, 139,
 139, 139, 139, 139, 139, 139, 139, 139, 139, 139, 139, 139, 139, 139, 139, 139, 139, 139, 139, 139, 139, 139, 139, 139, 139, 139, 139, 139, 139, 139, 139, 139,
 139, 138, 139, 138, 139, 138, 139, 138, 139, 138, 139, 138, 139, 138, 139, 138, 139, 138, 139, 138, 139, 138, 139, 138, 139, 138, 139, 138, 139, 138, 139, 138,
 138, 138, 138, 138, 138, 138, 138, 138, 138, 138, 138, 138, 138, 138, 138, 138, 138, 138, 138, 138, 138, 138, 138, 138, 138, 138, 138, 138, 138, 138, 138, 138,
 138, 138, 138, 138, 138, 138, 138, 138, 138, 138, 138, 138, 138, 138, 138, 138, 138, 138, 138, 138, 138, 138, 138, 138, 138, 138, 138, 138, 138, 138, 138, 138,
 138, 138, 138, 138, 138, 138, 138, 138, 138, 138, 138, 138, 138, 138, 138, 138, 138, 138, 138, 138, 138, 138, 138, 138, 138, 138, 138, 138, 138, 138, 138, 138,
 138, 138, 138, 138, 138, 138, 138, 138, 138, 138, 138, 138, 138, 138, 138, 138, 138, 138, 138, 138, 138, 138, 138, 138, 138, 138, 138, 138, 138, 138, 138, 138,
 138, 138, 138, 138, 138, 138, 138, 138, 138, 138, 138, 138, 138, 138, 138, 138, 138, 138, 138, 138, 138, 138, 138, 138, 138, 138, 138, 138, 138, 138, 138, 138,
 137, 137, 137, 137, 137, 137, 137, 137, 137, 137, 137, 137, 137, 137, 137, 137, 137, 137, 137, 137, 137, 137, 137, 137, 137, 137, 137, 137, 137, 137, 137, 137,
 137, 137, 137, 137, 137, 137, 137, 137, 137, 137, 137, 137, 137, 137, 137, 137, 137, 137, 137, 137, 137, 137, 137, 137, 137, 137, 137, 137, 137, 137, 137, 137,
 137, 137, 137, 137, 137, 137, 137, 137, 137, 137, 137, 137, 137, 137, 137, 137, 137, 137, 137, 137, 137, 137, 137, 137, 137, 137, 137, 137, 137, 137, 137, 137,
 137, 137, 137, 137, 137, 137, 137, 137, 137, 137, 137, 137, 137, 137, 137, 137, 137, 137, 137, 137, 137, 137, 137, 137, 137, 137, 137, 137, 137, 137, 137, 137,
 137, 137, 137, 137, 137, 137, 137, 137, 137, 137, 137, 137, 137, 137, 137, 137, 137, 137, 137, 137, 137, 137, 137, 137, 137, 137, 137, 137, 137, 137, 137, 137,
 137, 137, 137, 137, 137, 137, 137, 137, 137, 137, 137, 137, 137, 137, 137, 137, 137, 137, 137, 137, 137, 137, 137, 137, 137, 137, 137, 137, 137, 137, 137, 137,
 137, 136, 137, 136, 137, 136, 137, 136, 137, 136, 137, 136, 137, 136, 137, 136, 137, 136, 137, 136, 137, 136, 137, 136, 137, 136, 137, 136, 137, 136, 137, 136,
 136, 136, 136, 136, 136, 136, 136, 136, 136, 136, 136, 136, 136, 136, 136, 136, 136, 136, 136, 136, 136, 136, 136, 136, 136, 136, 136, 136, 136, 136, 136, 136,
 136, 136, 136, 136, 136, 136, 136, 136, 136, 136, 136, 136, 136, 136, 136, 136, 136, 136, 136, 136, 136, 136, 136, 136, 136, 136, 136, 136, 136, 136, 136, 136,
 136, 136, 136, 136, 136, 136, 136, 136, 136, 136, 136, 136, 136, 136, 136, 136, 136, 136, 136, 136, 136, 136, 136, 136, 136, 136, 136, 136, 136, 136, 136, 136,
 136, 136, 136, 136, 136, 136, 136, 136, 136, 136, 136, 136, 136, 136, 136, 136, 136, 136, 136, 136, 136, 136, 136, 136, 136, 136, 136, 136, 136, 136, 136, 136,
 136, 136, 136, 136, 136, 136, 136, 136, 136, 136, 136, 136, 136, 136, 136, 136, 136, 136, 136, 136, 136, 136, 136, 136, 136, 136, 136, 136, 136, 136, 136, 136,
 136, 136, 136, 136, 136, 136, 136, 136, 136, 136, 136, 136, 136, 136, 136, 136, 136, 136, 136, 136, 136, 136, 136, 136, 136, 136, 136, 136, 136, 136, 136, 136,
 135, 135, 135, 135, 135, 135, 135, 135, 135, 135, 135, 135, 135, 135, 135, 135, 135, 135, 135, 135, 135, 135, 135, 135, 135, 135, 135, 135, 135, 135, 135, 135,
 135, 135, 135, 135, 135, 135, 135, 135, 135, 135, 135, 135, 135, 135, 135, 135, 135, 135, 135, 135, 135, 135, 135, 135, 135, 135, 135, 135, 135, 135, 135, 135,
 135, 135, 135, 135, 135, 135, 135, 135, 135, 135, 135, 135, 135, 135, 135, 135, 135, 135, 135, 135, 135, 135, 135, 135, 135, 135, 135, 135, 135, 135, 135, 135,
 135, 135, 135, 135, 135, 135, 135, 135, 135, 135, 135, 135, 135, 135, 135, 135, 135, 135, 135, 135, 135, 135, 135, 135, 135, 135, 135, 135, 135, 135, 135, 135,
 135, 135, 135, 135, 135, 135, 135, 135, 135, 135, 135, 135, 135, 135, 135, 135, 135, 135, 135, 135, 135, 135, 135, 135, 135, 135, 135, 135, 135, 135, 135, 135,
 135, 135, 135, 135, 135, 135, 135, 135, 135, 135, 135, 135, 135, 135, 135, 135, 135, 135, 135, 135, 135, 135, 135, 135, 135, 135, 135, 135, 135, 135, 135, 135,
 135, 135, 135, 135, 135, 135, 135, 135, 135, 135, 135, 135, 135, 135, 135, 135, 135, 135, 135, 135, 135, 135, 135, 135, 135, 135, 135, 135, 135, 135, 135, 135,
 134, 134, 134, 134, 134, 134, 134, 134, 134, 134, 134, 134, 134, 134, 134, 134, 134, 134, 134, 134, 134, 134, 134, 134, 134, 134, 134, 134, 134, 134, 134, 134,
 134, 134, 134, 134, 134, 134, 134, 134, 134, 134, 134, 134, 134, 134, 134, 134, 134, 134, 134, 134, 134, 134, 134, 134, 134, 134, 134, 134, 134, 134, 134, 134,
 134, 134, 134, 134, 134, 134, 134, 134, 134, 134, 134, 134, 134, 134, 134, 134, 134, 134, 134, 134, 134, 134, 134, 134, 134, 134, 134, 134, 134, 134, 134, 134,
 134, 134, 134, 134, 134, 134, 134, 134, 134, 134, 134, 134, 134, 134, 134, 134, 134, 134, 134, 134, 134, 134, 134, 134, 134, 134, 134, 134, 134, 134, 134, 134,
 134, 134, 134, 134, 134, 134, 134, 134, 134, 134, 134, 134, 134, 134, 134, 134, 134, 134, 134, 134, 134, 134, 134, 134, 134, 134, 134, 134, 134, 134, 134, 134,
 134, 134, 134, 134, 134, 134, 134, 134, 134, 134, 134, 134, 134, 134, 134, 134, 134, 134, 134, 134, 134, 134, 134, 134, 134, 134, 134, 134, 134, 134, 134, 134,
 134, 134, 134, 134, 134, 134, 134, 134, 134, 134, 134, 134, 134, 134, 134, 134, 134, 134, 134, 134, 134, 134, 134, 134, 134, 134, 134, 134, 134, 134, 134, 134,
 134, 134, 134, 134, 134, 134, 134, 134, 134, 134, 134, 134, 134, 134, 134, 134, 134, 134, 134, 134, 134, 134, 134, 134, 134, 134, 134, 134, 134, 134, 134, 134,
 133, 133, 133, 133, 133, 133, 133, 133, 133, 133, 133, 133, 133, 133, 133, 133, 133, 133, 133, 133, 133, 133, 133, 133, 133, 133, 133, 133, 133, 133, 133, 133,
 133, 133, 133, 133, 133, 133, 133, 133, 133, 133, 133, 133, 133, 133, 133, 133, 133, 133, 133, 133, 133, 133, 133, 133, 133, 133, 133, 133, 133, 133, 133, 133,
 133, 133, 133, 133, 133, 133, 133, 133, 133, 133, 133, 133, 133, 133, 133, 133, 133, 133, 133, 133, 133, 133, 133, 133, 133, 133, 133, 133, 133, 133, 133, 133,
 133, 133, 133, 133, 133, 133, 133, 133, 133, 133, 133, 133, 133, 133, 133, 133, 133, 133, 133, 133, 133, 133, 133, 133, 133, 133, 133, 133, 133, 133, 133, 133,
 133, 133, 133, 133, 133, 133, 133, 133, 133, 133, 133, 133, 133, 133, 133, 133, 133, 133, 133, 133, 133, 133, 133, 133, 133, 133, 133, 133, 133, 133, 133, 133,
 133, 133, 133, 133, 133, 133, 133, 133, 133, 133, 133, 133, 133, 133, 133, 133, 133, 133, 133, 133, 133, 133, 133, 133, 133, 133, 133, 133, 133, 133, 133, 133,
 133, 133, 133, 133, 133, 133, 133, 133, 133, 133, 133, 133, 133, 133, 133, 133, 133, 133, 133, 133, 133, 133, 133, 133, 133, 133, 133, 133, 133, 133, 133, 133,
 133, 133, 133, 133, 133, 133, 133, 133, 133, 133, 133, 133, 133, 133, 133, 133, 133, 133, 133, 133, 133, 133, 133, 133, 133, 133, 133, 133, 133, 133, 133, 133,
 133, 132, 133, 132, 133, 132, 133, 132, 133, 132, 133, 132, 133, 132, 133, 132, 133, 132, 133, 132, 133, 132, 133, 132, 133, 132, 133, 132, 133, 132, 133, 132,
 132, 132, 132, 132, 132, 132, 132, 132, 132, 132, 132, 132, 132, 132, 132, 132, 132, 132, 132, 132, 132, 132, 132, 132, 132, 132, 132, 132, 132, 132, 132, 132,
 132, 132, 132, 132, 132, 132, 132, 132, 132, 132, 132, 132, 132, 132, 132, 132, 132, 132, 132, 132, 132, 132, 132, 132, 132, 132, 132, 132, 132, 132, 132, 132,
 132, 132, 132, 132, 132, 132, 132, 132, 132, 132, 132, 132, 132, 132, 132, 132, 132, 132, 132, 132, 132, 132, 132, 132, 132, 132, 132, 132, 132, 132, 132, 132,
 132, 132, 132, 132, 132, 132, 132, 132, 132, 132, 132, 132, 132, 132, 132, 132, 132, 132, 132, 132, 132, 132, 132, 132, 132, 132, 132, 132, 132, 132, 132, 132,
 132, 132, 132, 132, 132, 132, 132, 132, 132, 132, 132, 132, 132, 132, 132, 132, 132, 132, 132, 132, 132, 132, 132, 132, 132, 132, 132, 132, 132, 132, 132, 132,
 132, 132, 132, 132, 132, 132, 132, 132, 132, 132, 132, 132, 132, 132, 132, 132, 132, 132, 132, 132, 132, 132, 132, 132, 132, 132, 132, 132, 132, 132, 132, 132,
 132, 132, 132, 132, 132, 132, 132, 132, 132, 132, 132, 132, 132, 132, 132, 132, 132, 132, 132, 132, 132, 132, 132, 132, 132, 132, 132, 132, 132, 132, 132, 132,
 132, 132, 132, 132, 132, 132, 132, 132, 132, 132, 132, 132, 132, 132, 132, 132, 132, 132, 132, 132, 132, 132, 132, 132, 132, 132, 132, 132, 132, 132, 132, 132,
 132, 132, 132, 132, 132, 132, 132, 132, 132, 132, 132, 132, 132, 132, 132, 132, 132, 132, 132, 132, 132, 132, 132, 132, 132, 132, 132, 132, 132, 132, 132, 132,
 132, 131, 132, 131, 132, 131, 132, 131, 132, 131, 132, 131, 132, 131, 132, 131, 132, 131, 132, 131, 132, 131, 132, 131, 132, 131, 132, 131, 132, 131, 132, 131,
 131, 131, 131, 131, 131, 131, 131, 131, 131, 131, 131, 131, 131, 131, 131, 131, 131, 131, 131, 131, 131, 131, 131, 131, 131, 131, 131, 131, 131, 131, 131, 131,
 131, 131, 131, 131, 131, 131, 131, 131, 131, 131, 131, 131, 131, 131, 131, 131, 131, 131, 131, 131, 131, 131, 131, 131, 131, 131, 131, 131, 131, 131, 131, 131,
 131, 131, 131, 131, 131, 131, 131, 131, 131, 131, 131, 131, 131, 131, 131, 131, 131, 131, 131, 131, 131, 131, 131, 131, 131, 131, 131, 131, 131, 131, 131, 131,
 131, 131, 131, 131, 131, 131, 131, 131, 131, 131, 131, 131, 131, 131, 131, 131, 131, 131, 131, 131, 131, 131, 131, 131, 131, 131, 131, 131, 131, 131, 131, 131,
 131, 131, 131, 131, 131, 131, 131, 131, 131, 131, 131, 131, 131, 131, 131, 131, 131, 131, 131, 131, 131, 131, 131, 131, 131, 131, 131, 131, 131, 131, 131, 131,
 131, 131, 131, 131, 131, 131, 131, 131, 131, 131, 131, 131, 131, 131, 131, 131, 131, 131, 131, 131, 131, 131, 131, 131, 131, 131, 131, 131, 131, 131, 131, 131,
 131, 131, 131, 131, 131, 131, 131, 131, 131, 131, 131, 131, 131, 131, 131, 131, 131, 131, 131, 131, 131, 131, 131, 131, 131, 131, 131, 131, 131, 131, 131, 131,
 131, 131, 131, 131, 131, 131, 131, 131, 131, 131, 131, 131, 131, 131, 131, 131, 131, 131, 131, 131, 131, 131, 131, 131, 131, 131, 131, 131, 131, 131, 131, 131,
 131, 131, 131, 131, 131, 131, 131, 131, 131, 131, 131, 131, 131, 131, 131, 131, 131, 131, 131, 131, 131, 131, 131, 131, 131, 131, 131, 131, 131, 131, 131, 131,
 131, 131, 131, 131, 131, 131, 131, 131, 131, 131, 131, 131, 131, 131, 131, 131, 131, 131, 131, 131, 131, 131, 131, 131, 131, 131, 131, 131, 131, 131, 131, 131,
 131, 131, 131, 131, 131, 131, 131, 131, 131, 131, 131, 131, 131, 131, 131, 131, 131, 131, 131, 131, 131, 131, 131, 131, 131, 131, 131, 131, 131, 131, 131, 131,
 130, 130, 130, 130, 130, 130, 130, 130, 130, 130, 130, 130, 130, 130, 130, 130, 130, 130, 130, 130, 130, 130, 130, 130, 130, 130, 130, 130, 130, 130, 130, 130,
 130, 130, 130, 130, 130, 130, 130, 130, 130, 130, 130, 130, 130, 130, 130, 130, 130, 130, 130, 130, 130, 130, 130, 130, 130, 130, 130, 130, 130, 130, 130, 130,
 130, 130, 130, 130, 130, 130, 130, 130, 130, 130, 130, 130, 130, 130, 130, 130, 130, 130, 130, 130, 130, 130, 130, 130, 130, 130, 130, 130, 130, 130, 130, 130,
 130, 130, 130, 130, 130, 130, 130, 130, 130, 130, 130, 130, 130, 130, 130, 130, 130, 130, 130, 130, 130, 130, 130, 130, 130, 130, 130, 130, 130, 130, 130, 130,
 130, 130, 130, 130, 130, 130, 130, 130, 130, 130, 130, 130, 130, 130, 130, 130, 130, 130, 130, 130, 130, 130, 130, 130, 130, 130, 130, 130, 130, 130, 130, 130,
 130, 130, 130, 130, 130, 130, 130, 130, 130, 130, 130, 130, 130, 130, 130, 130, 130, 130, 130, 130, 130, 130, 130, 130, 130, 130, 130, 130, 130, 130, 130, 130,
 130, 130, 130, 130, 130, 130, 130, 130, 130, 130, 130, 130, 130, 130, 130, 130, 130, 130, 130, 130, 130, 130, 130, 130, 130, 130, 130, 130, 130, 130, 130, 130,
 130, 130, 130, 130, 130, 130, 130, 130, 130, 130, 130, 130, 130, 130, 130, 130, 130, 130, 130, 130, 130, 130, 130, 130, 130, 130, 130, 130, 130, 130, 130, 130,
 130, 130, 130, 130, 130, 130, 130, 130, 130, 130, 130, 130, 130, 130, 130, 130, 130, 130, 130, 130, 130, 130, 130, 130, 130, 130, 130, 130, 130, 130, 130, 130,
 130, 130, 130, 130, 130, 130, 130, 130, 130, 130, 130, 130, 130, 130, 130, 130, 130, 130, 130, 130, 130, 130, 130, 130, 130, 130, 130, 130, 130, 130, 130, 130,
 130, 130, 130, 130, 130, 130, 130, 130, 130, 130, 130, 130, 130, 130, 130, 130, 130, 130, 130, 130, 130, 130, 130, 130, 130, 130, 130, 130, 130, 130, 130, 130,
 130, 130, 130, 130, 130, 130, 130, 130, 130, 130, 130, 130, 130, 130, 130, 130, 130, 130, 130, 130, 130, 130, 130, 130, 130, 130, 130, 130, 130, 130, 130, 130,
 130, 130, 130, 130, 130, 130, 130, 130, 130, 130, 130, 130, 130, 130, 130, 130, 130, 130, 130, 130, 130, 130, 130, 130, 130, 130, 130, 130, 130, 130, 130, 130,
 130, 130, 130, 130, 130, 130, 130, 130, 130, 130, 130, 130, 130, 130, 130, 130, 130, 130, 130, 130, 130, 130, 130, 130, 130, 130, 130, 130, 130, 130, 130, 130,
 130, 129, 130, 129, 130, 129, 130, 129, 130, 129, 130, 129, 130, 129, 130, 129, 130, 129, 130, 129, 130, 129, 130, 129, 130, 129, 130, 129, 130, 129, 130, 129,
 129, 129, 129, 129, 129, 129, 129, 129, 129, 129, 129, 129, 129, 129, 129, 129, 129, 129, 129, 129, 129, 129, 129, 129, 129, 129, 129, 129, 129, 129, 129, 129,
 129, 129, 129, 129, 129, 129, 129, 129, 129, 129, 129, 129, 129, 129, 129, 129, 129, 129, 129, 129, 129, 129, 129, 129, 129, 129, 129, 129, 129, 129, 129, 129,
 129, 129, 129, 129, 129, 129, 129, 129, 129, 129, 129, 129, 129, 129, 129, 129, 129, 129, 129, 129, 129, 129, 129, 129, 129, 129, 129, 129, 129, 129, 129, 129,
 129, 129, 129, 129, 129, 129, 129, 129, 129, 129, 129, 129, 129, 129, 129, 129, 129, 129, 129, 129, 129, 129, 129, 129, 129, 129, 129, 129, 129, 129, 129, 129,
 129, 129, 129, 129, 129, 129, 129, 129, 129, 129, 129, 129, 129, 129, 129, 129, 129, 129, 129, 129, 129, 129, 129, 129, 129, 129, 129, 129, 129, 129, 129, 129,
 129, 129, 129, 129, 129, 129, 129, 129, 129, 129, 129, 129, 129, 129, 129, 129, 129, 129, 129, 129, 129, 129, 129, 129, 129, 129, 129, 129, 129, 129, 129, 129,
 129, 129, 129, 129, 129, 129, 129, 129, 129, 129, 129, 129, 129, 129, 129, 129, 129, 129, 129, 129, 129, 129, 129, 129, 129, 129, 129, 129, 129, 129, 129, 129,
 129, 129, 129, 129, 129, 129, 129, 129, 129, 129, 129, 129, 129, 129, 129, 129, 129, 129, 129, 129, 129, 129, 129, 129, 129, 129, 129, 129, 129, 129, 129, 129,
 129, 129, 129, 129, 129, 129, 129, 129, 129, 129, 129, 129, 129, 129, 129, 129, 129, 129, 129, 129, 129, 129, 129, 129, 129, 129, 129, 129, 129, 129, 129, 129,
 129, 129, 129, 129, 129, 129, 129, 129, 129, 129, 129, 129, 129, 129, 129, 129, 129, 129, 129, 129, 129, 129, 129, 129, 129, 129, 129, 129, 129, 129, 129, 129,
 129, 129, 129, 129, 129, 129, 129, 129, 129, 129, 129, 129, 129, 129, 129, 129, 129, 129, 129, 129, 129, 129, 129, 129, 129, 129, 129, 129, 129, 129, 129, 129,
 129, 129, 129, 129, 129, 129, 129, 129, 129, 129, 129, 129, 129, 129, 129, 129, 129, 129, 129, 129, 129, 129, 129, 129, 129, 129, 129, 129, 129, 129, 129, 129,
 129, 129, 129, 129, 129, 129, 129, 129, 129, 129, 129, 129, 129, 129, 129, 129, 129, 129, 129, 129, 129, 129, 129, 129, 129, 129, 129, 129, 129, 129, 129, 129,
 129, 129, 129, 129, 129, 129, 129, 129, 129, 129, 129, 129, 129, 129, 129, 129, 129, 129, 129, 129, 129, 129, 129, 129, 129, 129, 129, 129, 129, 129, 129, 129,
 129, 129, 129, 129, 129, 129, 129, 129, 129, 129, 129, 129, 129, 129, 129, 129, 129, 129, 129, 129, 129, 129, 129, 129, 129, 129, 129, 129, 129, 129, 129, 129,
 129, 129, 129, 129, 129, 129, 129, 129, 129, 129, 129, 129, 129, 129, 129, 129, 129, 129, 129, 129, 129, 129, 129, 129, 129, 129, 129, 129, 129, 129, 129, 129,
 129, 129, 129, 129, 129, 129, 129, 129, 129, 129, 129, 129, 129, 129, 129, 129, 129, 129, 129, 129, 129, 129, 129, 129, 129, 129, 129, 129, 129, 129, 129, 129,
 129, 129, 129, 129, 129, 129, 129, 129, 129, 129, 129, 129, 129, 129, 129, 129, 129, 129, 129, 129, 129, 129, 129, 129, 129, 129, 129, 129, 129, 129, 129, 129,
 129, 128, 129, 128, 129, 128, 129, 128, 129, 128, 129, 128, 129, 128, 129, 128, 129, 128, 129, 128, 129, 128, 129, 128, 129, 128, 129, 128, 129, 128, 129, 128,
 128, 128, 128, 128, 128, 128, 128, 128, 128, 128, 128, 128, 128, 128, 128, 128, 128, 128, 128, 128, 128, 128, 128, 128, 128, 128, 128, 128, 128, 128, 128, 128,
 128, 128, 128, 128, 128, 128, 128, 128, 128, 128, 128, 128, 128, 128, 128, 128, 128, 128, 128, 128, 128, 128, 128, 128, 128, 128, 128, 128, 128, 128, 128, 128,
 128, 128, 128, 128, 128, 128, 128, 128, 128, 128, 128, 128, 128, 128, 128, 128, 128, 128, 128, 128, 128, 128, 128, 128, 128, 128, 128, 128, 128, 128, 128, 128,
 128, 128, 128, 128, 128, 128, 128, 128, 128, 128, 128, 128, 128, 128, 128, 128, 128, 128, 128, 128, 128, 128, 128, 128, 128, 128, 128, 128, 128, 128, 128, 128,
 128, 128, 128, 128, 128, 128, 128, 128, 128, 128, 128, 128, 128, 128, 128, 128, 128, 128, 128, 128, 128, 128, 128, 128, 128, 128, 128, 128, 128, 128, 128, 128,
 128, 128, 128, 128, 128, 128, 128, 128, 128, 128, 128, 128, 128, 128, 128, 128, 128, 128, 128, 128, 128, 128, 128, 128, 128, 128, 128, 128, 128, 128, 128, 128,
 128, 128, 128, 128, 128, 128, 128, 128, 128, 128, 128, 128, 128, 128, 128, 128, 128, 128, 128, 128, 128, 128, 128, 128, 128, 128, 128, 128, 128, 128, 128, 128,
 128, 128, 128, 128, 128, 128, 128, 128, 128, 128, 128, 128, 128, 128, 128, 128, 128, 128, 128, 128, 128, 128, 128, 128, 128, 128, 128, 128, 128, 128, 128, 128,
 128, 128, 128, 128, 128, 128, 128, 128, 128, 128, 128, 128, 128, 128, 128, 128, 128, 128, 128, 128, 128, 128, 128, 128, 128, 128, 128, 128, 128, 128, 128, 128,
 128, 128, 128, 128, 128, 128, 128, 128, 128, 128, 128, 128, 128, 128, 128, 128, 128, 128, 128, 128, 128, 128, 128, 128, 128, 128, 128, 128, 128, 128, 128, 128,
 128, 128, 128, 128, 128, 128, 128, 128, 128, 128, 128, 128, 128, 128, 128, 128, 128, 128, 128, 128, 128, 128, 128, 128, 128, 128, 128, 128, 128, 128, 128, 128,
 128, 128, 128, 128, 128, 128, 128, 128, 128, 128, 128, 128, 128, 128, 128, 128, 128, 128, 128, 128, 128, 128, 128, 128, 128, 128, 128, 128, 128, 128, 128, 128,
 128, 128, 128, 128, 128, 128, 128, 128, 128, 128, 128, 128, 128, 128, 128, 128, 128, 128, 128, 128, 128, 128, 128, 128, 128, 128, 128, 128, 128, 128, 128, 128,
 128, 128, 128, 128, 128, 128, 128, 128, 128, 128, 128, 128, 128, 128, 128, 128, 128, 128, 128, 128, 128, 128, 128, 128, 128, 128, 128, 128, 128, 128, 128, 128,
 128, 128, 128, 128, 128, 128, 128, 128, 128, 128, 128, 128, 128, 128, 128, 128, 128, 128, 128, 128, 128, 128, 128, 128, 128, 128, 128, 128, 128, 128, 128, 128,
 128, 128, 128, 128, 128, 128, 128, 128, 128, 128, 128, 128, 128, 128, 128, 128, 128, 128, 128, 128, 128, 128, 128, 128, 128, 128, 128, 128, 128, 128, 128, 128,
 128, 128, 128, 128, 128, 128, 128, 128, 128, 128, 128, 128, 128, 128, 128, 128, 128, 128, 128, 128, 128, 128, 128, 128, 128, 128, 128, 128, 128, 128, 128, 128,
 128, 128, 128, 128, 128, 128, 128, 128, 128, 128, 128, 128, 128, 128, 128, 128, 128, 128, 128, 128, 128, 128, 128, 128, 128, 128, 128, 128, 128, 128, 128, 128,
 128, 128, 128, 128, 128, 128, 128, 128, 128, 128, 128, 128, 128, 128, 128, 128, 128, 128, 128, 128, 128, 128, 128, 128, 128, 128, 128, 128, 128, 128, 128, 128,
 128, 128, 128, 128, 128, 128, 128, 128, 128, 128, 128, 128, 128, 128, 128, 128, 128, 128, 128, 128, 128, 128, 128, 128, 128, 128, 128, 128, 128, 128, 128, 128,
 128, 128, 128, 128, 128, 128, 128, 128, 128, 128, 128, 128, 128, 128, 128, 128, 128, 128, 128, 128, 128, 128, 128, 128, 128, 128, 128, 128, 128, 128, 128, 128,
 128, 128, 128, 128, 128, 128, 128, 128, 128, 128, 128, 128, 128, 128, 128, 128, 128, 128, 128, 128, 128, 128, 128, 128, 128, 128, 128, 128, 128, 128, 128, 128,
 128, 128, 128, 128, 128, 128, 128, 128, 128, 128, 128, 128, 128, 128, 128, 128, 128, 128, 128, 128, 128, 128, 128, 128, 128, 128, 128, 128, 128, 128, 128, 128,
 128, 128, 128, 128, 128, 128, 128, 128, 128, 128, 128, 128, 128, 128, 128, 128, 128, 128, 128, 128, 128, 128, 128, 128, 128, 128, 128, 128, 128, 128, 128, 128,
 128, 128, 128, 128, 128, 128, 128, 128, 128, 128, 128, 128, 128, 128, 128, 128, 128, 128, 128, 128, 128, 128, 128, 128, 128, 128, 128, 128, 128, 128, 128, 128,
 128, 128, 128, 128, 128, 128, 128, 128, 128, 128, 128, 128, 128, 128, 128, 128, 128, 128, 128, 128, 128, 128, 128, 128, 128, 128, 128, 128, 128, 128, 128, 128,
 128, 128, 128, 128, 128, 128, 128, 128, 128, 128, 128, 128, 128, 128, 128, 128, 128, 128, 128, 128, 128, 128, 128, 128, 128, 128, 128, 128, 128, 128, 128, 128,
 128, 128, 128, 128, 128, 128, 128, 128, 128, 128, 128, 128, 128, 128, 128, 128, 128, 128, 128, 128, 128, 128, 128, 128, 128, 128, 128, 128, 128, 128, 128, 128,
 128, 128, 128, 128, 128, 128, 128, 128, 128, 128, 128, 128, 128, 128, 128, 128, 128, 128, 128, 128, 128, 128, 128, 128, 128, 128, 128, 128, 128, 128, 128, 128,
 128, 128, 128, 128, 128, 128, 128, 128, 128, 128, 128, 128, 128, 128, 128, 128, 128, 128, 128, 128, 128, 128, 128, 128, 128, 128, 128, 128, 128, 128, 128, 128,
 128, 128, 128, 128, 128, 128, 128, 128, 128, 128, 128, 128, 128, 128, 128, 128, 128, 128, 128, 128, 128, 128, 128, 128, 128, 128, 128, 128, 128, 128, 128, 128,
 128, 128, 128, 128, 128, 128, 128, 128, 128, 128, 128, 128, 128, 128, 128, 128, 128, 128, 128, 128, 128, 128, 128, 128, 128, 128, 128, 128, 128, 128, 128, 128,
 128, 128, 128, 128, 128, 128, 128, 128, 128, 128, 128, 128, 128, 128, 128, 128, 128, 128, 128, 128, 128, 128, 128, 128, 128, 128, 128, 128, 128, 128, 128, 128,
 128, 128, 128, 128, 128, 128, 128, 128, 128, 128, 128, 128, 128, 128, 128, 128, 128, 128, 128, 128, 128, 128, 128, 128, 128, 128, 128, 128, 128, 128, 128, 128,
 128, 128, 128, 128, 128, 128, 128, 128, 128, 128, 128, 128, 128, 128, 128, 128, 128, 128, 128, 128, 128, 128, 128, 128, 128, 128, 128, 128, 128, 128, 128, 128,
 128, 128, 128, 128, 128, 128, 128, 128, 128, 128, 128, 128, 128, 128, 128, 128, 128, 128, 128, 128, 128, 128, 128, 128, 128, 128, 128, 128, 128, 128, 128, 128,
 128, 128, 128, 128, 128, 128, 128, 128, 128, 128, 128, 128, 128, 128, 128, 128, 128, 128, 128, 128, 128, 128, 128, 128, 128, 128, 128, 128, 128, 128, 128, 128,
 128, 128, 128, 128, 128, 128, 128, 128, 128, 128, 128, 128, 128, 128, 128, 128, 128, 128, 128, 128, 128, 128, 128, 128, 128, 128, 128, 128, 128, 128, 128, 128,
 128, 128, 128, 128, 128, 128, 128, 128, 128, 128, 128, 128, 128, 128, 128, 128, 128, 128, 128, 128, 128, 128, 128, 128, 128, 128, 128, 128, 128, 128, 128, 128,
 128, 128, 128, 128, 128, 128, 128, 128, 128, 128, 128, 128, 128, 128, 128, 128, 128, 128, 128, 128, 128, 128, 128, 128, 128, 128, 128, 128, 128, 128, 128, 128,
 128, 128, 128, 128, 128, 128, 128, 128, 128, 128, 128, 128, 128, 128, 128, 128, 128, 128, 128, 128, 128, 128, 128, 128, 128, 128, 128, 128, 128, 128, 128, 128,
 128, 128, 128, 128, 128, 128, 128, 128, 128, 128, 128, 128, 128, 128, 128, 128, 128, 128, 128, 128, 128, 128, 128, 128, 128, 128, 128, 128, 128, 128, 128, 128,
 128, 128, 128, 128, 128, 128, 128, 128, 128, 128, 128, 128, 128, 128, 128, 128, 128, 128, 128, 128, 128, 128, 128, 128, 128, 128, 128, 128, 128, 128, 128, 128,
 128, 128, 128, 128, 128, 128, 128, 128, 128, 128, 128, 128, 128, 128, 128, 128, 128, 128, 128, 128, 128, 128, 128, 128, 128, 128, 128, 128, 128, 128, 128, 128,
 128, 128, 128, 128, 128, 128, 128, 128, 128, 128, 128, 128, 128, 128, 128, 128, 128, 128, 128, 128, 128, 128, 128, 128, 128, 128, 128, 128, 128, 128, 128, 128,
 128, 128, 128, 128, 128, 128, 128, 128, 128, 128, 128, 128, 128, 128, 128, 128, 128, 128, 128, 128, 128, 128, 128, 128, 128, 128, 128, 128, 128, 128, 128, 128,
 128, 128, 128, 128, 128, 128, 128, 128, 128, 128, 128, 128, 128, 128, 128, 128, 128, 128, 128, 128, 128, 128, 128, 128, 128, 128, 128, 128, 128, 128, 128, 128,
 128, 128, 128, 128, 128, 128, 128, 128, 128, 128, 128, 128, 128, 128, 128, 128, 128, 128, 128, 128, 128, 128, 128, 128, 128, 128, 128, 128, 128, 128, 128, 128,
 128, 128, 128, 128, 128, 128, 128, 128, 128, 128, 128, 128, 128, 128, 128, 128, 128, 128, 128, 128, 128, 128, 128, 128, 128, 128, 128, 128, 128, 128, 128, 128,
   0,   0,   0,   0,   0,   0,   0,   0,   0,   0,   0,   0,   0,   0,   0,   0,   0,   0,   0,   0,   0,   0,   0,   0,   0,   0,   0,   0,   0,   0,   0,   0
